time,pos_1,pos_2,pos_3,pos_4,pos_5,pos_6,vel_1,vel_2,vel_3,vel_4,vel_5,vel_6,eff_1,eff_2,eff_3,eff_4,eff_5,eff_6
211.305000000000,1.563785433769,1.563784241676,1.563824653625,1.563822746277,1.563923597336,4.202422142029,0.003808582434,0.003832129762,0.105070076883,0.104960381985,0.210286960006,0.058762159199,-0.130730748177,-0.131050378084,0.000798328256,0.000484259683,0.122359409928,-0.007692888379
211.325000000000,1.563786864281,1.563786983490,1.563824534416,1.563822865486,1.563938498497,4.202421665192,0.003679287620,0.003598390147,0.105141811073,0.105052672327,0.206827744842,0.058754101396,-0.130381152034,-0.130445972085,0.001015643007,0.000734098256,0.131954833865,-0.007711627521
211.345000000000,1.563786268234,1.563786268234,1.563824176788,1.563822865486,1.563933372498,4.202421665192,0.003652116284,0.003545619082,0.105134569108,0.105061843991,0.206654354930,0.058754172176,-0.130320712924,-0.130310311913,0.000983302481,0.000736220099,0.132514581084,-0.007707660552
211.365000000000,1.563786149025,1.563786029816,1.563823938370,1.563822746277,1.563932180405,4.202421665192,0.003682832932,0.003586729290,0.105118758976,0.105055026710,0.206852108240,0.058753915131,-0.130397498608,-0.130411952734,0.000908775488,0.000709905347,0.131946966052,-0.007710582577
211.385000000000,1.563786268234,1.563786149025,1.563823699951,1.563822746277,1.563932418823,4.202421665192,0.003681307891,0.003586872481,0.104971997440,0.105051733553,0.206873536110,0.058756634593,-0.130401119590,-0.130422532558,0.000872126664,0.000711767294,0.131904706359,-0.007673308719
211.405000000000,1.563786268234,1.563786149025,1.563823223114,1.563822746277,1.563932538033,4.202421665192,0.003679523477,0.003583038459,0.105029791594,0.105053648353,0.206880986691,0.058753602207,-0.130386635661,-0.130401879549,0.000727521721,0.000692619185,0.131859004498,-0.007711191662
211.425000000000,1.563786268234,1.563786149025,1.563823223114,1.563822746277,1.563932538033,4.202421665192,0.003679766785,0.003583527636,0.105033434927,0.105052798986,0.206872999668,0.058753639460,-0.130387842655,-0.130403742194,0.000717620424,0.000689714099,0.131881073117,-0.007711486425
211.445000000000,1.563786268234,1.563786149025,1.563823103905,1.563822746277,1.563932538033,4.202421665192,0.003678556764,0.003582701785,0.105032682419,0.105051867664,0.206871569157,0.058753848076,-0.130385980010,-0.130402624607,0.000718456693,0.000687139574,0.131887122989,-0.007711299695
211.465000000000,1.563786268234,1.563786149025,1.563823103905,1.563822746277,1.563932538033,4.202421665192,0.003678617766,0.003582789330,0.105032116175,0.105051368475,0.206872075796,0.058753829449,-0.130386143923,-0.130402773619,0.000718244584,0.000683156075,0.131885379553,-0.007711355109
211.485000000000,1.563786268234,1.563786149025,1.563823103905,1.563822746277,1.563932538033,4.202421665192,0.003678692738,0.003582882462,0.105031855404,0.105050966144,0.206871703267,0.058753795922,-0.130386263132,-0.130402848125,0.000717374263,0.000679420191,0.131886437535,-0.007711386308
211.505000000000,1.563786268234,1.563786149025,1.563822984695,1.563822627068,1.563932538033,4.202421665192,0.003678647103,0.003582878271,0.105031907558,0.105050608516,0.206871986389,0.058753777295,-0.130386099219,-0.130402773619,0.000717245333,0.000675809337,0.131885319948,-0.007711414713
211.525000000000,1.563786268234,1.563786149025,1.563822984695,1.563822627068,1.563932538033,4.202421665192,0.003678635461,0.003582895966,0.105031713843,0.105050288141,0.206871658564,0.058753747493,-0.130385950208,-0.130402699113,0.000716761569,0.000672480266,0.131886363029,-0.007711469196
211.545000000000,1.563786268234,1.563786149025,1.563822984695,1.563822627068,1.563932538033,4.202421665192,0.003678637324,0.003582895268,0.105031989515,0.105049960315,0.206871911883,0.058753725141,-0.130385830998,-0.130402594805,0.000716057548,0.000669310917,0.131885305047,-0.007711521816
211.565000000000,1.563786268234,1.563786149025,1.563822984695,1.563822627068,1.563932538033,4.202421665192,0.003679269459,0.003583531128,0.105023734272,0.105050519109,0.206872686744,0.058753393590,-0.130385920405,-0.130402714014,0.000737220806,0.000664743246,0.131883069873,-0.007712317165
211.585000000000,1.563786268234,1.563786149025,1.563822865486,1.563822627068,1.563932538033,4.202421665192,0.003679428482,0.003583682701,0.105022519827,0.105050176382,0.206872642040,0.058753397316,-0.130386322737,-0.130403175950,0.000740402902,0.000662297825,0.131883427501,-0.007712347899
211.605000000000,1.563786268234,1.563786149025,1.563822865486,1.563822627068,1.563932538033,4.202421665192,0.003679213347,0.003583463142,0.105023138225,0.105049856007,0.206872433424,0.058753404766,-0.130385830998,-0.130402654409,0.000738873670,0.000659925863,0.131884202361,-0.007712359540
211.625000000000,1.563786268234,1.563786149025,1.563822865486,1.563822627068,1.563932538033,4.202421665192,0.003679161426,0.003583409125,0.105023674667,0.105049550533,0.206872582436,0.058753404766,-0.130385711789,-0.130402535200,0.000737417606,0.000657635916,0.131883621216,-0.007712393533
211.645000000000,1.563786268234,1.563786149025,1.563822865486,1.563822627068,1.563932538033,4.202421665192,0.003679154674,0.003583408659,0.105024591088,0.105049297214,0.206872358918,0.058753401041,-0.130385726690,-0.130402520299,0.000735410431,0.000655498065,0.131884291768,-0.007712393999
211.665000000000,1.563786268234,1.563786149025,1.563822746277,1.563823223114,1.563932538033,4.202421665192,0.003677427303,0.003581680125,0.105024270713,0.105316847563,0.206868425012,0.058753330261,-0.130380362272,-0.130396962166,0.000720442971,0.000412269059,0.131860822439,-0.007711171173
211.685000000000,1.563786268234,1.563786149025,1.563822746277,1.563823699951,1.563932538033,4.202421665192,0.003679616144,0.003583712736,0.105026900768,0.105122566223,0.206873357296,0.058754038066,-0.130389079452,-0.130405470729,0.000730868778,0.000845344504,0.131886467338,-0.007710439153
211.705000000000,1.563760161400,1.563760519028,1.563849687576,1.563822150230,1.563911676407,4.202419757843,0.015130075626,0.015339876525,0.105767868459,0.103807918727,0.202797189355,0.058899916708,-0.160371690989,-0.160814568400,-0.001444414724,0.003206779016,0.141573354602,-0.008463044651
211.725000000000,1.563776969910,1.563777804375,1.563850402832,1.563822388649,1.563924551010,4.202418327332,0.012574018911,0.012593868189,0.103739149868,0.103999376297,0.200511544943,0.058944012970,-0.154207721353,-0.154142692685,0.004574943334,0.003562169150,0.149235904217,-0.008061749861
211.745000000000,1.563770294189,1.563770294189,1.563843607903,1.563822388649,1.563920259476,4.202418804169,0.011922367848,0.011992323212,0.103907972574,0.104082211852,0.200382247567,0.058940075338,-0.152507200837,-0.152445599437,0.004355284851,0.003439122578,0.149974361062,-0.008016920649
211.765000000000,1.563714861870,1.563725948334,1.563734889030,1.563735723495,1.563702702522,4.202297210693,0.013257116079,0.021123152226,0.038013055921,0.048070322722,0.000900248357,-0.147408574820,0.094777695835,0.070946887136,0.050335660577,0.020669452846,0.030047215521,-0.126872897148
211.785000000000,1.563727021217,1.563724994659,1.563713073730,1.563710808754,1.563782572746,4.202348709106,0.014619241469,0.014168461785,0.023252982646,0.023113809526,0.038339052349,-0.057339373976,0.031503159553,0.032586622983,0.107430823147,0.107066579163,0.176592960954,0.044505182654
211.805000000000,1.563732862473,1.563732624054,1.563712477684,1.563710689545,1.563756108284,4.202348232269,0.014251523651,0.014354058541,0.023157777265,0.023009160534,0.039563745260,-0.057045530528,0.032290343195,0.031956851482,0.107298955321,0.107042737305,0.170275732875,0.044340405613
211.825000000000,1.563732862473,1.563732981682,1.563712239265,1.563710689545,1.563758611679,4.202348232269,0.013990614563,0.013941427693,0.023205213249,0.023069363087,0.039512373507,-0.057186447084,0.033017456532,0.033068478107,0.107258081436,0.107024140656,0.174487054348,0.044340938330
211.845000000000,1.563732385635,1.563732266426,1.563712000847,1.563710689545,1.563754081726,4.202348232269,0.013978085481,0.013910449110,0.023174094036,0.023045059294,0.040572501719,-0.057144843042,0.033033266664,0.033134706318,0.107209362090,0.107007414103,0.174667969346,0.044344924390
211.865000000000,1.563732385635,1.563732385635,1.563711524010,1.563710570335,1.563753604889,4.202348232269,0.014016453177,0.013962885365,0.023198219016,0.023036021739,0.040530323982,-0.057134352624,0.032930415124,0.032997481525,0.107137233019,0.106996171176,0.174397617579,0.044344563037
211.885000000000,1.563732504845,1.563732385635,1.563711524010,1.563710570335,1.563753724098,4.202348232269,0.014015310444,0.013959091157,0.023173235357,0.023036776111,0.040467057377,-0.057061072439,0.032954338938,0.033010020852,0.107115633786,0.106979444623,0.174369245768,0.044125702232
211.905000000000,1.563732504845,1.563732385635,1.563711166382,1.563710570335,1.563753962517,4.202348232269,0.014010599814,0.013956198469,0.023226970807,0.023029763252,0.040414467454,-0.057137478143,0.032947815955,0.033012583852,0.107022650540,0.106984227896,0.174366369843,0.044344462454
211.925000000000,1.563732504845,1.563732385635,1.563711047173,1.563710570335,1.563753962517,4.202348232269,0.014010217972,0.013956378214,0.023215496913,0.023027056828,0.040420252830,-0.057139031589,0.032950405031,0.033014442772,0.107161775231,0.106981337070,0.174374759197,0.044344145805
211.945000000000,1.563732504845,1.563732385635,1.563711047173,1.563710570335,1.563753962517,4.202348232269,0.014009211212,0.013955700211,0.023203425109,0.023024300113,0.040423616767,-0.057140484452,0.032951064408,0.033017978072,0.107263922691,0.106977514923,0.174375116825,0.044344618917
211.965000000000,1.563732504845,1.563732385635,1.563710927963,1.563710570335,1.563753962517,4.202348232269,0.014009546489,0.013955978677,0.023191234097,0.023020908237,0.040423236787,-0.057140614837,0.032950364053,0.033017240465,0.107248321176,0.106973960996,0.174374431372,0.044344864786
211.985000000000,1.563732504845,1.563732385635,1.563710927963,1.563710570335,1.563753962517,4.202348232269,0.014009637758,0.013956080191,0.023180287331,0.023016925901,0.040423702449,-0.057140611112,0.032950174063,0.033016849309,0.107225827873,0.106970585883,0.174374699593,0.044345147908
212.005000000000,1.563732504845,1.563732385635,1.563710927963,1.563710570335,1.563753962517,4.202348232269,0.014009620994,0.013956100680,0.023169673979,0.023013640195,0.040423184633,-0.057140629739,0.032950233668,0.033016733825,0.107204169035,0.106967493892,0.174374416471,0.044345349073
212.025000000000,1.563732504845,1.563732385635,1.563710808754,1.563710570335,1.563753962517,4.202348232269,0.014009627514,0.013956137002,0.023160500452,0.023010900244,0.040423672646,-0.057140599936,0.032950215042,0.033016599715,0.107184156775,0.106964610517,0.174374744296,0.044345542789
212.045000000000,1.563732504845,1.563732385635,1.563710808754,1.563710451126,1.563753962517,4.202348232269,0.014009668492,0.013956177048,0.023151297122,0.023008489981,0.040423233062,-0.057140547782,0.032950107008,0.033016506582,0.107164599001,0.106961980462,0.174374461174,0.044345632195
212.065000000000,1.563732504845,1.563732385635,1.563710808754,1.563710451126,1.563753962517,4.202348232269,0.014010298066,0.013956780545,0.023125298321,0.023005239666,0.040423434228,-0.057139843702,0.032947476953,0.033014044166,0.106996163726,0.106959544122,0.174375504255,0.044344540685
212.085000000000,1.563732504845,1.563732385635,1.563710808754,1.563710451126,1.563753962517,4.202348232269,0.014010236599,0.013956724666,0.023118084297,0.023003187031,0.040423817933,-0.057140018791,0.032947726548,0.033014275134,0.106995947659,0.106957241893,0.174375370145,0.044344507158
212.105000000000,1.563732504845,1.563732385635,1.563710808754,1.563710451126,1.563753962517,4.202348232269,0.014010024257,0.013956506737,0.023111730814,0.023001261055,0.040424194187,-0.057140197605,0.032948229462,0.033015031368,0.106998443604,0.106955088675,0.174375370145,0.044344544411
212.125000000000,1.563732504845,1.563732385635,1.563710808754,1.563710451126,1.563753962517,4.202348232269,0.014010032639,0.013956511393,0.023105651140,0.022999484092,0.040423844010,-0.057140331715,0.032948467880,0.033015057445,0.106993496418,0.106953106821,0.174375146627,0.044344548136
212.145000000000,1.563732504845,1.563732385635,1.563710689545,1.563710451126,1.563753962517,4.202348232269,0.014010050334,0.013956528157,0.023099930957,0.022998023778,0.040424037725,-0.057140376419,0.032948531210,0.033014927059,0.106983810663,0.106950871646,0.174375280738,0.044344592839
212.165000000000,1.563732504845,1.563732385635,1.563710689545,1.563711524010,1.563753962517,4.202348232269,0.014011076652,0.013957763091,0.023093119264,0.023216851056,0.040426079184,-0.057136949152,0.032944217324,0.033010847867,0.106974557042,0.107163518667,0.174379378557,0.044344056398
212.185000000000,1.563732504845,1.563732385635,1.563710689545,1.563711524010,1.563753962517,4.202348232269,0.014009312727,0.013956177048,0.023087693378,0.023150596768,0.040426179767,-0.057139325887,0.032950304449,0.033017221838,0.106966026127,0.107255108654,0.174375966191,0.044344771653
212.205000000000,1.563690900803,1.563691377640,1.563743948936,1.563712120056,1.563735961914,4.202345371246,0.033939823508,0.034029301256,0.024490945041,0.024229602888,0.047813177109,-0.059807665646,0.192562416196,0.192942753434,0.106856375933,0.107160978019,0.147369861603,0.044157009572
212.225000000000,1.563696146011,1.563696503639,1.563737988472,1.563712120056,1.563739299774,4.202345371246,0.030793512240,0.030686331913,0.024069227278,0.024312790483,0.046182520688,-0.059918902814,0.191571861506,0.191706150770,0.108211286366,0.107127949595,0.151853710413,0.044161640108
212.245000000000,1.563689827919,1.563689708710,1.563731551170,1.563712000847,1.563736319542,4.202345371246,0.030605455860,0.030529784039,0.024113230407,0.024258777499,0.046460352838,-0.059835009277,0.188976839185,0.188866078854,0.108057752252,0.107092089951,0.151019796729,0.044163722545
212.265000000000,1.563780546188,1.563783049583,1.563824892044,1.563820719719,1.563946008682,4.202394008636,0.003197186161,0.003295969917,0.097393386066,0.097670905292,0.202704519033,0.061935804784,-0.137513875961,-0.136740878224,0.024289133027,0.022897781804,0.164736092091,-0.005961054936
212.285000000000,1.563794493675,1.563792228699,1.563825607300,1.563823580742,1.563931703568,4.202420711517,0.002267036121,0.002747565741,0.105546496809,0.105443097651,0.200116783381,0.058795213699,-0.121173858643,-0.121013149619,0.001608423656,0.001294997637,0.152447208762,-0.007559493650
212.305000000000,1.563798069954,1.563798069954,1.563825726509,1.563823938370,1.563903093338,4.202420711517,0.001933798078,0.001894615940,0.105987198651,0.105889402330,0.220204740763,0.058705076575,-0.120763324201,-0.120891489089,0.001417886815,0.001131800353,0.216867938638,-0.007550286595
212.325000000000,1.563797712326,1.563797831535,1.563825488091,1.563823938370,1.563900470734,4.202420711517,0.002202023985,0.002212729072,0.106019034982,0.105940446258,0.219477370381,0.058703981340,-0.120459675789,-0.120441131294,0.001362721901,0.001108272118,0.217235967517,-0.007524644490
212.345000000000,1.563797354698,1.563797354698,1.563825130463,1.563823938370,1.563896894455,4.202420711517,0.002256850479,0.002306650626,0.106013946235,0.105950281024,0.220182105899,0.058700412512,-0.120466165245,-0.120437301695,0.001272923429,0.001053318498,0.217399328947,-0.007526663132
212.365000000000,1.563797473907,1.563797473907,1.563824892044,1.563823938370,1.563896775246,4.202420711517,0.002213176573,0.002254640684,0.106012910604,0.105947464705,0.220271810889,0.058699704707,-0.120502024889,-0.120487809181,0.001158363186,0.001041419921,0.217385441065,-0.007528779563
212.385000000000,1.563797473907,1.563797473907,1.563824534416,1.563823819160,1.563896894455,4.202420711517,0.002218462527,0.002252186649,0.105903938413,0.105947032571,0.220298588276,0.058700643480,-0.120486631989,-0.120475552976,0.001108842436,0.001033742796,0.217372179031,-0.007523071952
212.405000000000,1.563797473907,1.563797473907,1.563824295998,1.563823819160,1.563896894455,4.202420711517,0.002213725122,0.002251588274,0.105925194919,0.105945274234,0.220271870494,0.058700427413,-0.120494924486,-0.120479844511,0.001053060405,0.001031107735,0.217369705439,-0.007528048009
212.425000000000,1.563797473907,1.563797473907,1.563824295998,1.563823819160,1.563896894455,4.202420711517,0.002213893691,0.002251942642,0.105924628675,0.105944268405,0.220268175006,0.058700650930,-0.120494037867,-0.120479598641,0.001053633168,0.001028721919,0.217376098037,-0.007527856622
212.445000000000,1.563797473907,1.563797473907,1.563824176788,1.563823819160,1.563896894455,4.202420711517,0.002215682529,0.002253375715,0.105924338102,0.105943806469,0.220269843936,0.058700632304,-0.120492450893,-0.120478287339,0.001052811276,0.001024620375,0.217377200723,-0.007527786307
212.465000000000,1.563797473907,1.563797473907,1.563824176788,1.563823819160,1.563896894455,4.202420711517,0.002215749118,0.002253381303,0.105923794210,0.105943374336,0.220269083977,0.058700595051,-0.120492637157,-0.120478413999,0.001052654465,0.001020831987,0.217377260327,-0.007527848240
212.485000000000,1.563797473907,1.563797473907,1.563824176788,1.563823819160,1.563896894455,4.202420711517,0.002215658082,0.002253246726,0.105923764408,0.105942994356,0.220269829035,0.058700568974,-0.120492540300,-0.120478354394,0.001052503125,0.001017163624,0.217377617955,-0.007527874317
212.505000000000,1.563797473907,1.563797473907,1.563824176788,1.563823819160,1.563896894455,4.202420711517,0.002215708839,0.002253204351,0.105923682451,0.105942659080,0.220269009471,0.058700535446,-0.120492376387,-0.120478272438,0.001051573083,0.001013753936,0.217377394438,-0.007527935319
212.525000000000,1.563797473907,1.563797473907,1.563824057579,1.563823819160,1.563896894455,4.202420711517,0.002215718385,0.002253145911,0.105923458934,0.105942323804,0.220269665122,0.058700513095,-0.120492219925,-0.120478168130,0.001051251078,0.001010526903,0.217377617955,-0.007527980953
212.545000000000,1.563797473907,1.563797473907,1.563824057579,1.563823819160,1.563896894455,4.202420711517,0.002215681598,0.002253094921,0.105923563242,0.105942033231,0.220269024372,0.058700487018,-0.120492190123,-0.120478130877,0.001051088795,0.001007536193,0.217377349734,-0.007528005168
212.565000000000,1.563797473907,1.563797473907,1.563824057579,1.563823819160,1.563896894455,4.202420711517,0.002214433393,0.002251812955,0.105913914740,0.105942621827,0.220270127058,0.058700185269,-0.120493128896,-0.120479173958,0.001075842883,0.001003103680,0.217373460531,-0.007528976072
212.585000000000,1.563797473907,1.563797473907,1.563824057579,1.563823819160,1.563896894455,4.202420711517,0.002214206615,0.002251559170,0.105914495885,0.105942308903,0.220269769430,0.058700185269,-0.120492875576,-0.120478913188,0.001074499800,0.001000633813,0.217373788357,-0.007528992370
212.605000000000,1.563797473907,1.563797473907,1.563823938370,1.563823819160,1.563896894455,4.202420711517,0.002214474371,0.002251842059,0.105915114284,0.105941995978,0.220270276070,0.058700192720,-0.120492562652,-0.120478577912,0.001072943094,0.000998314121,0.217374309897,-0.007528995629
212.625000000000,1.563797473907,1.563797473907,1.563823938370,1.563823819160,1.563896894455,4.202420711517,0.002214580309,0.002251947531,0.105915673077,0.105941727757,0.220269799232,0.058700188994,-0.120492503047,-0.120478518307,0.001071451465,0.000996130286,0.217374399304,-0.007529014256
212.645000000000,1.563797473907,1.563797473907,1.563823938370,1.563823819160,1.563896894455,4.202420711517,0.002214586595,0.002251954749,0.105916194618,0.105941526592,0.220270156860,0.058700177819,-0.120492421091,-0.120478428900,0.001070027472,0.000994018978,0.217374533415,-0.007529039402
212.665000000000,1.563797473907,1.563797473907,1.563823938370,1.563824892044,1.563896894455,4.202420711517,0.002213185187,0.002250686055,0.105917625129,0.106033280492,0.220269337296,0.058700710535,-0.120497331023,-0.120483092964,0.001066386350,0.001165226451,0.217372789979,-0.007527433336
212.685000000000,1.563733935356,1.563743948936,1.563720703125,1.563749432564,1.563768744469,4.202386856079,0.013507346623,0.024951053783,0.061523240060,0.061670683324,0.083307452500,0.004839780275,0.015681928024,0.064616754651,0.076893940568,0.075054220855,0.094000063837,-0.105671592057
212.705000000000,1.563804507256,1.563805580139,1.563853621483,1.563822865486,1.563935875893,4.202422142029,0.007766151801,0.007883155718,0.104735143483,0.104905657470,0.207176536322,0.058668795973,-0.140857547522,-0.140986099839,0.001292899018,0.000561751192,0.129424333572,-0.007898937911
212.725000000000,1.563800692558,1.563800930977,1.563846588135,1.563822865486,1.563933730125,4.202421665192,0.006345133763,0.006405087188,0.104764781892,0.104981943965,0.206519618630,0.058694727719,-0.137334361672,-0.137253254652,0.001618541428,0.000645167427,0.131831079721,-0.007851420902
212.745000000000,1.563795208931,1.563795208931,1.563840746880,1.563822746277,1.563931941986,4.202421665192,0.006324134767,0.006381224375,0.104825325310,0.104969501495,0.206685259938,0.058697000146,-0.137245371938,-0.137208819389,0.001458292012,0.000633109477,0.131415069103,-0.007848030888
212.765000000000,1.563709735870,1.563709259033,1.563713669777,1.563710808754,1.563793778419,4.202349662781,0.009334949777,0.008618447930,0.023116217926,0.023060308769,0.039940379560,-0.057526215911,0.044912666082,0.046715084463,0.107696734369,0.107065871358,0.166697204113,0.045080728829
212.785000000000,1.563720107079,1.563718676567,1.563712477684,1.563710570335,1.563736200333,4.202348709106,0.009334288538,0.009482041933,0.023010598496,0.022860756144,0.043117221445,-0.056717455387,0.044636480510,0.044230882078,0.107320234179,0.107049733400,0.153971180320,0.044320967048
212.805000000000,1.563721656799,1.563721776009,1.563712358475,1.563710689545,1.563759207726,4.202348232269,0.009141928516,0.009133511223,0.023157050833,0.023015966639,0.040824383497,-0.057095836848,0.045279119164,0.045259479433,0.107269167900,0.107030011714,0.163284450769,0.044297207147
212.825000000000,1.563720941544,1.563720941544,1.563712120056,1.563710689545,1.563754558563,4.202348232269,0.009101284668,0.009045020677,0.023154573515,0.023020580411,0.040798626840,-0.057121984661,0.045399688184,0.045502077788,0.107221081853,0.107012495399,0.163713291287,0.044304315001
212.845000000000,1.563720822334,1.563720703125,1.563711762428,1.563710570335,1.563752889633,4.202348232269,0.009150439873,0.009109694511,0.023142773658,0.023006495088,0.040885183960,-0.057101532817,0.045267172158,0.045329533517,0.107176490128,0.106998890638,0.163240343332,0.044302001595
212.865000000000,1.563720941544,1.563720822334,1.563711524010,1.563710570335,1.563753128052,4.202348232269,0.009156551212,0.009114154615,0.023149732500,0.023004412651,0.040903419256,-0.057016875595,0.045266084373,0.045316107571,0.107116445899,0.106980353594,0.163181260228,0.044076338410
212.885000000000,1.563720941544,1.563720822334,1.563711166382,1.563710570335,1.563753247261,4.202348232269,0.009144206531,0.009104390629,0.023193163797,0.022995559499,0.040893327445,-0.057098146528,0.045280288905,0.045337557793,0.107012845576,0.106985256076,0.163169965148,0.044305387884
212.905000000000,1.563720941544,1.563720822334,1.563711047173,1.563710570335,1.563753247261,4.202348232269,0.009145266376,0.009105829522,0.023186869919,0.022992122918,0.040891550481,-0.057098057121,0.045280463994,0.045335128903,0.107093557715,0.106982208788,0.163186624646,0.044301304966
212.925000000000,1.563720941544,1.563720822334,1.563711047173,1.563710570335,1.563753247261,4.202348232269,0.009144232608,0.009105305187,0.023175109178,0.022989306599,0.040892936289,-0.057100404054,0.045280549675,0.045339446515,0.107268758118,0.106978490949,0.163188412786,0.044301845133
212.945000000000,1.563720941544,1.563720822334,1.563710927963,1.563710570335,1.563753247261,4.202348232269,0.009144436568,0.009105506353,0.023162521422,0.022985892370,0.040893241763,-0.057100567967,0.045280091465,0.045338943601,0.107255220413,0.106974847615,0.163187131286,0.044302131981
212.965000000000,1.563720941544,1.563720822334,1.563710927963,1.563710451126,1.563753247261,4.202348232269,0.009144620970,0.009105676785,0.023151136935,0.022982964292,0.040893286467,-0.057100608945,0.045279730111,0.045338381082,0.107234045863,0.106971397996,0.163187682629,0.044302389026
212.985000000000,1.563720941544,1.563720822334,1.563710927963,1.563710451126,1.563753247261,4.202348232269,0.009144584648,0.009105673060,0.023140557110,0.022980272770,0.040893353522,-0.057100597769,0.045279826969,0.045338295400,0.107211768627,0.106968201697,0.163187086582,0.044302608818
213.005000000000,1.563720941544,1.563720822334,1.563710808754,1.563710451126,1.563753247261,4.202348232269,0.009144592099,0.009105707519,0.023130906746,0.022977754474,0.040893338621,-0.057100620121,0.045279819518,0.045338168740,0.107191212475,0.106965236366,0.163187697530,0.044302809983
213.025000000000,1.563720941544,1.563720822334,1.563710808754,1.563710451126,1.563753247261,4.202348232269,0.009144593962,0.009105721489,0.023121664301,0.022975299507,0.040893360972,-0.057100538164,0.045279785991,0.045338120311,0.107170499861,0.106962516904,0.163187146187,0.044302936643
213.045000000000,1.563720941544,1.563720822334,1.563710808754,1.563710451126,1.563753247261,4.202348232269,0.009144652635,0.009105721489,0.023097338155,0.022971920669,0.040892034769,-0.057099897414,0.045278526843,0.045337107033,0.106989070773,0.106960013509,0.163187697530,0.044302083552
213.065000000000,1.563720941544,1.563720822334,1.563710808754,1.563710451126,1.563753247261,4.202348232269,0.009145006537,0.009106112644,0.023087408394,0.022969905287,0.040892250836,-0.057100079954,0.045277796686,0.045336283743,0.106995157897,0.106957636774,0.163187727332,0.044301800430
213.085000000000,1.563720941544,1.563720822334,1.563710808754,1.563710451126,1.563753247261,4.202348232269,0.009144763462,0.009105858393,0.023080898449,0.022967951372,0.040892396122,-0.057100299746,0.045278336853,0.045337121934,0.106998257339,0.106955401599,0.163187921047,0.044301826507
213.105000000000,1.563720941544,1.563720822334,1.563710689545,1.563710451126,1.563753247261,4.202348232269,0.009144758806,0.009105846286,0.023074653000,0.022966144606,0.040892533958,-0.057100426406,0.045278634876,0.045337252319,0.106995470822,0.106953389943,0.163187503815,0.044301867485
213.125000000000,1.563720941544,1.563720822334,1.563710689545,1.563710451126,1.563753247261,4.202348232269,0.009144789539,0.009105889127,0.023065492511,0.022964460775,0.040892567486,-0.057100512087,0.045278675854,0.045337114483,0.106987833977,0.106951422989,0.163187816739,0.044301889837
213.145000000000,1.563720941544,1.563720822334,1.563710689545,1.563710570335,1.563753247261,4.202348232269,0.009139530361,0.009100867435,0.023049548268,0.023416092619,0.040882293135,-0.057081695646,0.045283600688,0.045342039317,0.106978677213,0.106593608856,0.163187518716,0.044303979725
213.165000000000,1.563720941544,1.563720822334,1.563710689545,1.563711524010,1.563753247261,4.202348232269,0.009144741111,0.009106131271,0.023051436990,0.023127065971,0.040892053396,-0.057099495083,0.045278593898,0.045337282121,0.106970012188,0.107257366180,0.163188874722,0.044301860034
213.185000000000,1.563684105873,1.563683986664,1.563735723495,1.563712358475,1.563740849495,4.202345848083,0.028904132545,0.029115261510,0.027728267014,0.024399159476,0.041758630425,-0.061094611883,0.183303445578,0.183656349778,0.099202066660,0.107166744769,0.168451562524,0.044744689018
213.205000000000,1.563705325127,1.563706040382,1.563741326332,1.563712477684,1.563759446144,4.202344417572,0.024927519262,0.024841725826,0.024414435029,0.024672128260,0.041015237570,-0.060646068305,0.186491861939,0.186712741852,0.108198128641,0.107146143913,0.174338206649,0.044107709080
213.225000000000,1.563699722290,1.563699722290,1.563734292984,1.563712358475,1.563755750656,4.202344417572,0.023746212944,0.023659532890,0.024416279048,0.024604996666,0.042156979442,-0.060528464615,0.182225465775,0.182246685028,0.108116701245,0.107104763389,0.175202786922,0.044126793742
213.245000000000,1.563748955727,1.563740253448,1.563722133636,1.563697934151,1.563716888428,4.202381134033,0.040472928435,0.028203124180,0.022045297548,0.010323506780,0.008038718253,-0.026544844732,0.054993592203,0.058182764798,0.101963579655,0.113075621426,0.163609489799,-0.025268595666
213.265000000000,1.563761353493,1.563760161400,1.563824176788,1.563821792603,1.563960313797,4.202419281006,0.017019541934,0.016676953062,0.103811144829,0.103715501726,0.200745463371,0.058909270912,-0.165170803666,-0.164301231503,0.003958689049,0.003573577618,0.146977603436,-0.008212487213
213.285000000000,1.563767790794,1.563767313957,1.563823461533,1.563821554184,1.563929200172,4.202418804169,0.016646208242,0.016758043319,0.103704579175,0.103591464460,0.204431802034,0.058922246099,-0.164375945926,-0.164719000459,0.003714521183,0.003405106720,0.137026742101,-0.008259146474
213.305000000000,1.563768506050,1.563768744469,1.563823223114,1.563821673393,1.563934087753,4.202418804169,0.016466574743,0.016448132694,0.103774338961,0.103681869805,0.201950982213,0.058915760368,-0.163895845413,-0.163907274604,0.003826586064,0.003547880100,0.144041016698,-0.008239516057
213.325000000000,1.563768029213,1.563768029213,1.563822984695,1.563821673393,1.563928604126,4.202418804169,0.016467336565,0.016436291859,0.103767350316,0.103689551353,0.201835110784,0.058914829046,-0.163890302181,-0.163860812783,0.003782568965,0.003540464677,0.144406408072,-0.008238006383
213.345000000000,1.563768029213,1.563768029213,1.563822627068,1.563821554184,1.563928008080,4.202418804169,0.016496736556,0.016477167606,0.103765569627,0.103682912886,0.201980337501,0.058914810419,-0.163966342807,-0.163965731859,0.003680901835,0.003521057544,0.143987715244,-0.008240235969
213.365000000000,1.563768148422,1.563768148422,1.563822507858,1.563821554184,1.563928246498,4.202418804169,0.016489999369,0.016471404582,0.103622049093,0.103683136404,0.202001094818,0.058914970607,-0.163948476315,-0.163951978087,0.003639608156,0.003513246309,0.143936544657,-0.008237067610
213.385000000000,1.563768029213,1.563768148422,1.563822031021,1.563821554184,1.563928484917,4.202418804169,0.016490586102,0.016469882801,0.103660836816,0.103681422770,0.202001646161,0.058914560825,-0.163950249553,-0.163947805762,0.003540029516,0.003507245798,0.143925949931,-0.008240804076
213.405000000000,1.563768029213,1.563768148422,1.563822031021,1.563821554184,1.563928484917,4.202418804169,0.016490090638,0.016469890252,0.103661715984,0.103680379689,0.201995506883,0.058914750814,-0.163950234652,-0.163948953152,0.003537219018,0.003505057422,0.143944472075,-0.008240852505
213.425000000000,1.563768029213,1.563768148422,1.563821911812,1.563821554184,1.563928365707,4.202418804169,0.016489038244,0.016469132155,0.103661358356,0.103679850698,0.201995015144,0.058914780617,-0.163947775960,-0.163947075605,0.003536776872,0.003501226893,0.143946349621,-0.008240755647
213.445000000000,1.563768029213,1.563768148422,1.563821911812,1.563821554184,1.563928365707,4.202418804169,0.016489261761,0.016469329596,0.103660784662,0.103679373860,0.201995328069,0.058914754540,-0.163948267698,-0.163947448134,0.003536590375,0.003497299273,0.143945366144,-0.008240827359
213.465000000000,1.563768029213,1.563768148422,1.563821911812,1.563821554184,1.563928365707,4.202418804169,0.016489323229,0.016469415277,0.103660710156,0.103679001331,0.201995104551,0.058914732188,-0.163948416710,-0.163947537541,0.003536887001,0.003493594239,0.143945857882,-0.008240835741
213.485000000000,1.563768029213,1.563768148422,1.563821792603,1.563821554184,1.563928365707,4.202418804169,0.016489269212,0.016469400376,0.103660687804,0.103678628802,0.201995253563,0.058914706111,-0.163948178291,-0.163947388530,0.003535697237,0.003490042873,0.143945306540,-0.008240906522
213.505000000000,1.563768029213,1.563768148422,1.563821792603,1.563821554184,1.563928365707,4.202418804169,0.016489259899,0.016469413415,0.103660531342,0.103678308427,0.201995015144,0.058914676309,-0.163948073983,-0.163947314024,0.003535179654,0.003486762056,0.143945813179,-0.008240962401
213.525000000000,1.563768029213,1.563768148422,1.563821792603,1.563821554184,1.563928365707,4.202418804169,0.016489274800,0.016469420865,0.103660747409,0.103677995503,0.201995179057,0.058914653957,-0.163947984576,-0.163947239518,0.003534715157,0.003483654466,0.143945276737,-0.008241019212
213.545000000000,1.563768029213,1.563768148422,1.563821792603,1.563821554184,1.563928365707,4.202418804169,0.016490157694,0.016470313072,0.103651560843,0.103678531945,0.201995819807,0.058914333582,-0.163948848844,-0.163948148489,0.003558432916,0.003479290521,0.143943458796,-0.008241785690
213.565000000000,1.563768029213,1.563768148422,1.563821792603,1.563821554184,1.563928365707,4.202418804169,0.016490070149,0.016470223665,0.103651717305,0.103678189218,0.201995775104,0.058914348483,-0.163948714733,-0.163948044181,0.003558396129,0.003476825077,0.143943801522,-0.008241795003
213.585000000000,1.563768029213,1.563768148422,1.563821673393,1.563821434975,1.563928365707,4.202418804169,0.016489850357,0.016470003873,0.103652544320,0.103677876294,0.201995670795,0.058914355934,-0.163948222995,-0.163947507739,0.003556544892,0.003474457888,0.143944159150,-0.008241793141
213.605000000000,1.563768029213,1.563768148422,1.563821673393,1.563821434975,1.563928365707,4.202418804169,0.016489818692,0.016469972208,0.103653140366,0.103677578270,0.201995730400,0.058914359659,-0.163948163390,-0.163947433233,0.003555007977,0.003472219454,0.143943965435,-0.008241822943
213.625000000000,1.563768029213,1.563768148422,1.563821673393,1.563821434975,1.563928365707,4.202418804169,0.016489803791,0.016469957307,0.103653751314,0.103677555919,0.201995566487,0.058914348483,-0.163948088884,-0.163947358727,0.003553495742,0.003469610121,0.143944278359,-0.008241849020
213.645000000000,1.563768029213,1.563768148422,1.563821673393,1.563822388649,1.563928365707,4.202418804169,0.016490580514,0.016470681876,0.103654451668,0.103841021657,0.201993137598,0.058914605528,-0.163950815797,-0.163949802518,0.003545766929,0.003494239878,0.143939182162,-0.008241102099
213.665000000000,1.563768029213,1.563768148422,1.563821673393,1.563822507858,1.563928365707,4.202418804169,0.016490008682,0.016469988972,0.103655941784,0.103749990463,0.201996847987,0.058914974332,-0.163950905204,-0.163949638605,0.003549235407,0.003660385730,0.143946066499,-0.008239887655
213.685000000000,1.563786983490,1.563787579536,1.563855051994,1.563823819160,1.563892364502,4.202421665192,0.005884181708,0.006038626656,0.106309249997,0.105732358992,0.222141250968,0.058581124991,-0.135465249419,-0.135778799653,-0.000461391290,0.000734457397,0.215721383691,-0.007853333838
213.705000000000,1.563794970512,1.563795566559,1.563850522041,1.563823938370,1.563899993896,4.202421188354,0.003928588238,0.003910361324,0.105563521385,0.105817124248,0.219491213560,0.058627810329,-0.130703523755,-0.130648538470,0.001994277583,0.000972972659,0.216244935989,-0.007634656969
213.725000000000,1.563787579536,1.563787460327,1.563843965530,1.563823938370,1.563896298409,4.202421188354,0.003560789395,0.003454608144,0.105681017041,0.105839446187,0.220056980848,0.058635622263,-0.129543527961,-0.129503279924,0.001830721041,0.000951996131,0.216583266854,-0.007607221138
213.745000000000,1.563707828522,1.563710689545,1.563729763031,1.563724637032,1.563775300980,4.202314853668,0.014151174575,0.014072662219,0.036540351808,0.036963656545,0.072067394853,-0.085638314486,0.031587235630,0.031712315977,0.071208283305,0.069794058800,0.077366925776,-0.070200622082
213.765000000000,1.563730955124,1.563728451729,1.563713312149,1.563711166382,1.563768982887,4.202347278595,0.003164169611,0.003011234105,0.023577177897,0.023434858769,0.040513284504,-0.058158744127,0.060750190169,0.062108349055,0.107379920781,0.107058107853,0.179920390248,0.044267643243
213.785000000000,1.563735127449,1.563735127449,1.563712835312,1.563711047173,1.563752412796,4.202347278595,0.002859347267,0.002926718444,0.023489903659,0.023346355185,0.041520424187,-0.057957347482,0.061417918652,0.061260398477,0.107283689082,0.107034370303,0.175240963697,0.044184848666
213.805000000000,1.563734650612,1.563734769821,1.563712477684,1.563710927963,1.563750743866,4.202347278595,0.002651131945,0.002614277415,0.023474760354,0.023341478780,0.043008625507,-0.057956311852,0.061950150877,0.062051486224,0.107232518494,0.107016146183,0.178516715765,0.044191576540
213.825000000000,1.563734292984,1.563734173775,1.563712239265,1.563710927963,1.563746452332,4.202347278595,0.002649194328,0.002602352295,0.023439511657,0.023309206590,0.043412290514,-0.057906955481,0.061933919787,0.062054719776,0.107189081609,0.106999926269,0.177483007312,0.044191572815
213.845000000000,1.563734412193,1.563734292984,1.563711762428,1.563710927963,1.563746213913,4.202347278595,0.002673760988,0.002636827761,0.023469667882,0.023301381618,0.043380860239,-0.057901408523,0.061866384000,0.061963595450,0.107110880315,0.106991142035,0.177343443036,0.044191528112
213.865000000000,1.563734412193,1.563734292984,1.563711524010,1.563710808754,1.563746333122,4.202347278595,0.002663535066,0.002630414441,0.023471131921,0.023299138993,0.043356738985,-0.057903356850,0.061893396080,0.061982966959,0.107066370547,0.106984466314,0.177344933152,0.044207576662
213.885000000000,1.563734412193,1.563734292984,1.563711404800,1.563710808754,1.563746452332,4.202347278595,0.002669255715,0.002633300377,0.023492112756,0.023295784369,0.043350711465,-0.057902015746,0.061881687492,0.061975661665,0.107053026557,0.106981411576,0.177391424775,0.044190768152
213.905000000000,1.563734412193,1.563734292984,1.563711285591,1.563710808754,1.563746452332,4.202347278595,0.002668842208,0.002633384895,0.023480556905,0.023293484002,0.043354701251,-0.057904653251,0.061880707741,0.061979275197,0.107273891568,0.106978103518,0.177395507693,0.044191088527
213.925000000000,1.563734412193,1.563734292984,1.563711285591,1.563710808754,1.563746452332,4.202347278595,0.002667914145,0.002632620977,0.023467993364,0.023290108889,0.043355453759,-0.057904668152,0.061883088201,0.061981122941,0.107259765267,0.106974333525,0.177391976118,0.044191516936
213.945000000000,1.563734412193,1.563734292984,1.563711285591,1.563710808754,1.563746452332,4.202347278595,0.002668125322,0.002632839838,0.023455888033,0.023287009448,0.043355599046,-0.057904850692,0.061882585287,0.061980500817,0.107241369784,0.106970801950,0.177393361926,0.044191762805
213.965000000000,1.563734412193,1.563734292984,1.563711166382,1.563710808754,1.563746452332,4.202347278595,0.002668150235,0.002632860327,0.023445131257,0.023284018040,0.043355599046,-0.057904824615,0.061882492155,0.061980228871,0.107218697667,0.106967486441,0.177391856909,0.044192031026
213.985000000000,1.563734412193,1.563734292984,1.563711166382,1.563710808754,1.563746452332,4.202347278595,0.002668132773,0.002632910153,0.023435030133,0.023281270638,0.043355651200,-0.057904887944,0.061882521957,0.061980091035,0.107197411358,0.106964431703,0.177393406630,0.044192228466
214.005000000000,1.563734412193,1.563734292984,1.563711166382,1.563710808754,1.563746452332,4.202347278595,0.002668136964,0.002632915042,0.023425586522,0.023278651759,0.043355662376,-0.057904824615,0.061882499605,0.061979964375,0.107177712023,0.106961593032,0.177392065525,0.044192425907
214.025000000000,1.563734412193,1.563734292984,1.563711047173,1.563710808754,1.563746452332,4.202347278595,0.002668177709,0.002632986754,0.023416470736,0.023276187479,0.043355669826,-0.057904798537,0.061882387847,0.061979867518,0.107158578932,0.106958992779,0.177393317223,0.044192526489
214.045000000000,1.563734412193,1.563734292984,1.563711166382,1.563710808754,1.563746452332,4.202347278595,0.002668805653,0.002633487573,0.023390490562,0.023272877559,0.043355152011,-0.057904276997,0.061879981309,0.061977643520,0.106993705034,0.106956593692,0.177392631769,0.044191263616
214.065000000000,1.563734412193,1.563734292984,1.563711047173,1.563710808754,1.563746452332,4.202347278595,0.002668707166,0.002633415861,0.023383596912,0.023270871490,0.043355464935,-0.057904470712,0.061880301684,0.061977963895,0.106992907822,0.106954321265,0.177393138409,0.044191267341
214.085000000000,1.563734412193,1.563734292984,1.563711047173,1.563710808754,1.563746452332,4.202347278595,0.002668577712,0.002633262193,0.023377206177,0.023268492892,0.043355509639,-0.057904608548,0.061880730093,0.061978410929,0.106991730630,0.106952190399,0.177392065525,0.044191304594
214.105000000000,1.563734412193,1.563734292984,1.563711047173,1.563710689545,1.563746452332,4.202347278595,0.002668591216,0.002633296885,0.023371215910,0.023266464472,0.043355528265,-0.057904757559,0.061880830675,0.061978399754,0.106986694038,0.106950193644,0.177392944694,0.044191326946
214.125000000000,1.563734412193,1.563734292984,1.563711047173,1.563710689545,1.563746452332,4.202347278595,0.002668604488,0.002633294556,0.023365566507,0.023264883086,0.043355479836,-0.057904746383,0.061880853027,0.061978328973,0.106976494193,0.106948241591,0.177392169833,0.044191360474
214.145000000000,1.563734412193,1.563734292984,1.563710927963,1.563711762428,1.563746452332,4.202347278595,0.002669505775,0.002634121804,0.023359356448,0.023452382535,0.043356537819,-0.057902682573,0.061877515167,0.061975412071,0.106970399618,0.107224971056,0.177393957973,0.044190835208
214.165000000000,1.563728213310,1.563751339912,1.563697695732,1.563725233078,1.563732504845,4.202329158783,-0.003498289036,0.019739020616,0.010095360689,0.036941725761,0.029399508610,-0.076036855578,0.061882961541,0.061980836093,0.106962598860,0.107248276472,0.177390322089,0.044191379100
214.185000000000,1.563741564751,1.563742399216,1.563742160797,1.563710808754,1.563755393028,4.202348709106,0.016085719690,0.016115872189,0.022781461477,0.022847695276,0.040844812989,-0.056537143886,0.027394196019,0.027232632041,0.107726655900,0.107149861753,0.161771997809,0.044077944010
214.205000000000,1.563737988472,1.563738346100,1.563735246658,1.563710808754,1.563755035400,4.202348709106,0.013753059320,0.013650757261,0.022727474570,0.022955039516,0.040651865304,-0.056838057935,0.033398441970,0.033578481525,0.108176819980,0.107126183808,0.163566455245,0.044332046062
214.225000000000,1.563731431961,1.563731312752,1.563729166985,1.563710689545,1.563752889633,4.202348709106,0.013669741340,0.013595214114,0.022806631401,0.022940900177,0.040733773261,-0.056837860495,0.033649180084,0.033770605922,0.108021751046,0.107091203332,0.163197442889,0.044330172241
214.245000000000,1.563756108284,1.563757181168,1.563825130463,1.563822031021,1.563965320587,4.202421665192,0.012440778315,0.011841265485,0.103797554970,0.103840813041,0.207181081176,0.059003405273,-0.153796300292,-0.152101352811,0.003628985956,0.002901431872,0.130223974586,-0.007249978837
214.265000000000,1.563766598701,1.563764929771,1.563824772835,1.563822865486,1.563899636269,4.202418804169,0.012961599976,0.013219102286,0.104739069939,0.104619361460,0.216296970844,0.058824799955,-0.154548957944,-0.154967039824,0.003779477673,0.003453624900,0.222081422806,-0.007989392616
214.285000000000,1.563768267632,1.563768386841,1.563823461533,1.563821792603,1.563928008080,4.202419281006,0.012259732001,0.012377435341,0.103872269392,0.103773348033,0.209118664265,0.058966174722,-0.153464019299,-0.153547093272,0.003084334778,0.002795340726,0.125075206161,-0.008034733124
214.305000000000,1.563767790794,1.563767790794,1.563823223114,1.563821792603,1.563923597336,4.202419281006,0.012230057269,0.012310985476,0.103861413896,0.103779092431,0.208841234446,0.058967124671,-0.153393626213,-0.153371155262,0.003072952852,0.002819512272,0.125918015838,-0.008033442311
214.325000000000,1.563767552376,1.563767433167,1.563822865486,1.563821673393,1.563921570778,4.202419281006,0.012267878279,0.012362843379,0.103845663369,0.103774309158,0.209124326706,0.058966651559,-0.153486236930,-0.153497472405,0.002985960338,0.002776290057,0.125124916434,-0.008035328239
214.345000000000,1.563767671585,1.563767552376,1.563822627068,1.563821673393,1.563921689987,4.202419281006,0.012264185585,0.012364699505,0.103833355010,0.103774175048,0.209160238504,0.058965861797,-0.153482288122,-0.153499484062,0.002879420994,0.002762635238,0.125017911196,-0.008035955019
214.365000000000,1.563767671585,1.563767552376,1.563822150230,1.563821673393,1.563921809196,4.202419281006,0.012261962518,0.012356846593,0.103744842112,0.103773437440,0.209170341492,0.058966197073,-0.153469607234,-0.153481483459,0.002803725889,0.002754934132,0.124987989664,-0.008035046980
214.385000000000,1.563767671585,1.563767552376,1.563822150230,1.563821673393,1.563921928406,4.202419281006,0.012262627482,0.012357850559,0.103753052652,0.103772103786,0.209158703685,0.058966200799,-0.153472542763,-0.153485119343,0.002782384632,0.002753162291,0.125019803643,-0.008036227897
214.405000000000,1.563767671585,1.563767552376,1.563822031021,1.563821673393,1.563921928406,4.202419281006,0.012261433527,0.012357116677,0.103752516210,0.103771291673,0.209157034755,0.058966338634,-0.153470307589,-0.153483867645,0.002782609779,0.002750122920,0.125025644898,-0.008036086336
214.425000000000,1.563767671585,1.563767552376,1.563822031021,1.563821673393,1.563921928406,4.202419281006,0.012261562981,0.012357251719,0.103752017021,0.103770807385,0.209157630801,0.058966312557,-0.153470546007,-0.153484046459,0.002782216296,0.002746051876,0.125023916364,-0.008036154322
214.445000000000,1.563767671585,1.563767552376,1.563822031021,1.563821673393,1.563921928406,4.202419281006,0.012261677533,0.012357365340,0.103751659393,0.103770375252,0.209157243371,0.058966279030,-0.153470784426,-0.153484210372,0.002781559480,0.002742300043,0.125024735928,-0.008036204614
214.465000000000,1.563767671585,1.563767552376,1.563821911812,1.563821554184,1.563921928406,4.202419281006,0.012261629105,0.012357351370,0.103751711547,0.103770039976,0.209157571197,0.058966252953,-0.153470620513,-0.153484091163,0.002781630261,0.002738613402,0.125023812056,-0.008036240935
214.485000000000,1.563767671585,1.563767552376,1.563821911812,1.563821554184,1.563921928406,4.202419281006,0.012261613272,0.012357356958,0.103751547635,0.103769704700,0.209157198668,0.058966223150,-0.153470471501,-0.153483986855,0.002781000221,0.002735251561,0.125024661422,-0.008036312647
214.505000000000,1.563767671585,1.563767552376,1.563821911812,1.563821554184,1.563921928406,4.202419281006,0.012261605822,0.012357355095,0.103752151132,0.103769384325,0.209157481790,0.058966208249,-0.153470411897,-0.153483927250,0.002779506613,0.002732047811,0.125023856759,-0.008036340587
214.525000000000,1.563767671585,1.563767552376,1.563821911812,1.563821554184,1.563921928406,4.202419281006,0.012261948548,0.012357698753,0.103746473789,0.103769913316,0.209158495069,0.058965876698,-0.153469771147,-0.153483271599,0.002794027794,0.002727238229,0.125020191073,-0.008037007414
214.545000000000,1.563767671585,1.563767552376,1.563821792603,1.563821554184,1.563921928406,4.202419281006,0.012262255885,0.012358014472,0.103742614388,0.103769592941,0.209158346057,0.058965884149,-0.153470695019,-0.153484284878,0.002804193879,0.002724969992,0.125021576881,-0.008037141524
214.565000000000,1.563767671585,1.563767552376,1.563821792603,1.563821554184,1.563921928406,4.202419281006,0.012262001634,0.012357749976,0.103743255138,0.103769272566,0.209158137441,0.058965891600,-0.153470098972,-0.153483644128,0.002802667441,0.002722549485,0.125022172928,-0.008037150837
214.585000000000,1.563767671585,1.563767552376,1.563821792603,1.563821554184,1.563921928406,4.202419281006,0.012261956930,0.012357704341,0.103743836284,0.103768967092,0.209158271551,0.058965895325,-0.153469994664,-0.153483554721,0.002801161958,0.002720256103,0.125021830201,-0.008037181571
214.605000000000,1.563767671585,1.563767552376,1.563821792603,1.563821554184,1.563921928406,4.202419281006,0.012261958793,0.012357708998,0.103744328022,0.103768691421,0.209158033133,0.058965891600,-0.153469994664,-0.153483539820,0.002799743786,0.002718098229,0.125022426248,-0.008037211373
214.625000000000,1.563767671585,1.563767552376,1.563821673393,1.563821077347,1.563921809196,4.202419281006,0.012252318673,0.012348216027,0.103721246123,0.104277335107,0.209120795131,0.058968544006,-0.153460070491,-0.153473719954,0.002820680616,0.001873039291,0.125056713820,-0.008043912239
214.645000000000,1.563767671585,1.563767552376,1.563821673393,1.563822627068,1.563921809196,4.202419281006,0.012262658216,0.012358306907,0.103746183217,0.103852003813,0.209158763289,0.058966483921,-0.153473988175,-0.153487175703,0.002795535605,0.002904596971,0.125024273992,-0.008035477251
214.665000000000,1.563780307770,1.563780188560,1.563839197159,1.563823342323,1.563912987709,4.202425956726,0.002286487725,0.002311766148,0.110864564776,0.105502262712,0.208489924669,0.058591667563,-0.124583639205,-0.125041902065,-0.014139221981,-0.000974589435,0.125676855445,-0.007511347998
214.685000000000,1.563807249069,1.563808202744,1.563853025436,1.563823580742,1.563935756683,4.202421188354,0.001590523520,0.001528052380,0.105020336807,0.105266883969,0.204496130347,0.058799408376,-0.122422188520,-0.122495159507,0.001991511323,0.001043385593,0.139578431845,-0.007655479480
214.705000000000,1.563800692558,1.563800811768,1.563845992088,1.563823580742,1.563931465149,4.202420711517,0.001386531745,0.001424740418,0.105114765465,0.105312377214,0.204034835100,0.058818813413,-0.120108634233,-0.120037309825,0.002059936756,0.001115417224,0.141302227974,-0.007594262250
214.725000000000,1.563731908798,1.563748717308,1.563748598099,1.563748717308,1.563790798187,4.202386856079,0.012805880979,0.026373868808,0.043654266745,0.060953218490,0.070606268942,0.004770162515,0.016013706103,0.068967454135,0.016289124265,0.069556295872,0.044801224023,-0.105313926935
214.745000000000,1.563681960106,1.563681364059,1.563714742661,1.563712239265,1.563794255257,4.202345371246,0.032030113041,0.031418561935,0.024671807885,0.024554705247,0.040812712163,-0.060750756413,0.186534523964,0.185666307807,0.107513025403,0.107063703239,0.172853678465,0.044531930238
214.765000000000,1.563689112663,1.563688278198,1.563714027405,1.563712120056,1.563754439354,4.202344894409,0.031534571201,0.031700357795,0.024600524455,0.024449890479,0.042526274920,-0.060370255262,0.188829079270,0.188628464937,0.107304111123,0.107041008770,0.164384305477,0.044193401933
214.785000000000,1.563690066338,1.563690185547,1.563713788986,1.563712239265,1.563765287399,4.202344894409,0.031235752627,0.031195629388,0.024683486670,0.024545693770,0.041528083384,-0.060562282801,0.188962399960,0.188950985670,0.107250064611,0.107021808624,0.170178368688,0.044168688357
214.805000000000,1.563689589500,1.563689589500,1.563713550568,1.563712120056,1.563760042191,4.202344894409,0.031230442226,0.031163871288,0.024676769972,0.024543406442,0.041524294764,-0.060574728996,0.188774019480,0.188679769635,0.107205212116,0.107004627585,0.170452401042,0.044173996896
214.825000000000,1.563689589500,1.563689470291,1.563713192940,1.563712120056,1.563759088516,4.202344894409,0.031279869378,0.031232060865,0.024689028040,0.024530826136,0.041586570442,-0.060560718179,0.188794597983,0.188695237041,0.107155971229,0.106993183494,0.170105278492,0.044172979891
214.845000000000,1.563689708710,1.563689589500,1.563712954521,1.563712120056,1.563759326935,4.202344894409,0.031268961728,0.031223766506,0.024682670832,0.024525027722,0.041592236608,-0.060562536120,0.188816159964,0.188725352287,0.107122033834,0.106984943151,0.170063361526,0.044186636806
214.865000000000,1.563689589500,1.563689589500,1.563712596893,1.563712120056,1.563759446144,4.202344894409,0.031270265579,0.031221354380,0.024721413851,0.024520067498,0.041590578854,-0.060558650643,0.188811987638,0.188720360398,0.107032515109,0.106981590390,0.170057445765,0.044173624367
214.885000000000,1.563689708710,1.563689589500,1.563712596893,1.563712120056,1.563759565353,4.202344894409,0.031270582229,0.031222375110,0.024711949751,0.024518111721,0.041590478271,-0.060560837388,0.188815280795,0.188722282648,0.107236810029,0.106978483498,0.170069471002,0.044172361493
214.905000000000,1.563689708710,1.563689589500,1.563712477684,1.563712000847,1.563759446144,4.202344894409,0.031269110739,0.031221278012,0.024699332193,0.024515183643,0.041590895504,-0.060561440885,0.188812389970,0.188720688224,0.107265785336,0.106974609196,0.170070171356,0.044172905385
214.925000000000,1.563689589500,1.563689589500,1.563712477684,1.563712000847,1.563759446144,4.202344894409,0.031269535422,0.031221637502,0.024686884135,0.024512138218,0.041591167450,-0.060561578721,0.188811585307,0.188719943166,0.107250757515,0.106971010566,0.170069262385,0.044173158705
214.945000000000,1.563689589500,1.563689589500,1.563712477684,1.563712000847,1.563759446144,4.202344894409,0.031269691885,0.031221779063,0.024675697088,0.024509221315,0.041591182351,-0.060561634600,0.188811793923,0.188720032573,0.107228383422,0.106967598200,0.170069620013,0.044173426926
214.965000000000,1.563689589500,1.563689589500,1.563712358475,1.563712000847,1.563759446144,4.202344894409,0.031269654632,0.031221767887,0.024664849043,0.024506524205,0.041591264307,-0.060561645776,0.188811838627,0.188720077276,0.107206352055,0.106964461505,0.170069232583,0.044173635542
214.985000000000,1.563689589500,1.563689589500,1.563712358475,1.563712000847,1.563759446144,4.202344894409,0.031269669533,0.031221799552,0.024654442444,0.024504004046,0.041591238230,-0.060561686754,0.188811883330,0.188720121980,0.107186131179,0.106961533427,0.170069664717,0.044173844159
215.005000000000,1.563689589500,1.563689589500,1.563712358475,1.563712000847,1.563759446144,4.202344894409,0.031269691885,0.031221823767,0.024644713849,0.024501565844,0.041591279209,-0.060561645776,0.188811913133,0.188720166683,0.107166208327,0.106958858669,0.170069292188,0.044173944741
215.025000000000,1.563689589500,1.563689589500,1.563712358475,1.563712000847,1.563759446144,4.202344894409,0.031270235777,0.031222350895,0.024618487805,0.024498319253,0.041589993984,-0.060561023653,0.188813164830,0.188721552491,0.106991760433,0.106956385076,0.170070141554,0.044172890484
215.045000000000,1.563689708710,1.563689589500,1.563712358475,1.563712000847,1.563759446144,4.202344894409,0.031270228326,0.031222360209,0.024607634172,0.024496290833,0.041590210050,-0.060561243445,0.188814356923,0.188722774386,0.106993630528,0.106954045594,0.170070081949,0.044172793627
215.065000000000,1.563689708710,1.563689589500,1.563712239265,1.563712000847,1.563759446144,4.202344894409,0.031269960105,0.031222078949,0.024598948658,0.024494346231,0.041590329260,-0.060561425984,0.188813999295,0.188722565770,0.106995254755,0.106951840222,0.170070141554,0.044172834605
215.085000000000,1.563689708710,1.563689589500,1.563712239265,1.563712000847,1.563759446144,4.202344894409,0.031269978732,0.031222095713,0.024592092261,0.024492561817,0.041590478271,-0.060561582446,0.188813850284,0.188722297549,0.106994330883,0.106949843466,0.170069843531,0.044172875583
215.105000000000,1.563689708710,1.563689589500,1.563712239265,1.563712000847,1.563759446144,4.202344894409,0.031270004809,0.031222149730,0.024587336928,0.024489827454,0.041590493172,-0.060561634600,0.188813805580,0.188722148538,0.106983795762,0.106947876513,0.170070052147,0.044172879308
215.125000000000,1.563689589500,1.563689589500,1.563712239265,1.563712716103,1.563759446144,4.202344894409,0.031269654632,0.031221961603,0.024579271674,0.024776570499,0.041585415602,-0.060554981232,0.188810378313,0.188718676567,0.106974013150,0.106995664537,0.170073553920,0.044172797352
215.145000000000,1.563689708710,1.563689589500,1.563712120056,1.563712954521,1.563759446144,4.202344894409,0.031269550323,0.031221915036,0.024577317759,0.024644279853,0.041589938104,-0.060560643673,0.188815340400,0.188723310828,0.106965281069,0.107253663242,0.170070886612,0.044172853231
215.165000000000,1.563720941544,1.563721656799,1.563741087914,1.563711047173,1.563739776611,4.202348232269,0.012427859008,0.012568640523,0.024188462645,0.023041635752,0.042482733727,-0.057295978069,0.036941424012,0.036514159292,0.104635439813,0.107169926167,0.173480838537,0.044473446906
215.185000000000,1.563730597496,1.563731193542,1.563738465309,1.563711047173,1.563750028610,4.202347755432,0.009339119308,0.009255467914,0.022967973724,0.023230839521,0.042583942413,-0.057369180024,0.044874016196,0.045039929450,0.108219295740,0.107140898705,0.177434012294,0.044310510159
215.205000000000,1.563722014427,1.563721895218,1.563731670380,1.563711047173,1.563745975494,4.202347755432,0.008541449904,0.008465554565,0.023050868884,0.023220000789,0.043224792928,-0.057387523353,0.046960197389,0.047110840678,0.108081094921,0.107102409005,0.177271351218,0.044313263148
215.225000000000,1.563709497452,1.563712477684,1.563728809357,1.563722491264,1.563741922379,4.202365398407,0.012635559775,0.012650866061,0.034122630954,0.034914497286,0.076691254973,0.012895592488,0.035863447934,0.052221253514,0.080430313945,0.096211038530,0.074833728373,-0.110859766603
215.245000000000,1.563791871071,1.563790202141,1.563825130463,1.563822984695,1.563947916031,4.202421665192,0.006948894355,0.006777145434,0.105226077139,0.105123668909,0.200861915946,0.058670792729,-0.138671070337,-0.138052538037,0.001318365452,0.000994872418,0.147473588586,-0.007827098481
215.265000000000,1.563796520233,1.563796401024,1.563824534416,1.563822746277,1.563927888870,4.202421665192,0.006683138199,0.006867691875,0.105144329369,0.105042025447,0.203609496355,0.058677345514,-0.138089567423,-0.138331919909,0.001127040945,0.000827105832,0.139974743128,-0.007851190865
215.285000000000,1.563796520233,1.563796758652,1.563824415207,1.563822865486,1.563926339149,4.202421665192,0.006534714252,0.006615491584,0.105197422206,0.105115123093,0.201870664954,0.058673731983,-0.137688621879,-0.137685909867,0.001180046354,0.000912099145,0.144905075431,-0.007832347415
215.305000000000,1.563796162605,1.563796162605,1.563824057579,1.563822746277,1.563921689987,4.202421665192,0.006541335955,0.006609446369,0.105200968683,0.105134233832,0.201826781034,0.058671873063,-0.137692049146,-0.137659788132,0.001096199965,0.000863732363,0.144951045513,-0.007822204381
215.325000000000,1.563796281815,1.563796281815,1.563823819160,1.563822746277,1.563921451569,4.202421665192,0.006562723778,0.006642365362,0.105208449066,0.105130277574,0.201912969351,0.058671183884,-0.137748688459,-0.137738659978,0.000982636702,0.000846536190,0.144708484411,-0.007825181819
215.345000000000,1.563796281815,1.563796281815,1.563823461533,1.563822746277,1.563921570778,4.202421665192,0.006556248292,0.006635685451,0.105051867664,0.105124518275,0.202041313052,0.058674961329,-0.137740120292,-0.137735977769,0.001007891144,0.000852813944,0.144743993878,-0.007788320538
215.365000000000,1.563796281815,1.563796281815,1.563823223114,1.563822746277,1.563921689987,4.202421665192,0.006558910944,0.006636031438,0.105106942356,0.105126373470,0.202028349042,0.058671571314,-0.137736171484,-0.137725472450,0.000863482885,0.000836791412,0.144783139229,-0.007826996036
215.385000000000,1.563796281815,1.563796281815,1.563823223114,1.563822746277,1.563921689987,4.202421665192,0.006558143534,0.006635741796,0.105107046664,0.105125583708,0.202023297548,0.058671716601,-0.137735307217,-0.137725517154,0.000862406800,0.000833815080,0.144792482257,-0.007826864719
215.405000000000,1.563796281815,1.563796281815,1.563823103905,1.563822746277,1.563921689987,4.202421665192,0.006557169370,0.006634979043,0.105106353760,0.105124793947,0.202023386955,0.058671854436,-0.137733608484,-0.137724265456,0.000862653542,0.000830600155,0.144789755344,-0.007826752961
215.425000000000,1.563796281815,1.563796281815,1.563823103905,1.563822746277,1.563921689987,4.202421665192,0.006557335146,0.006635138765,0.105105876923,0.105124384165,0.202022969723,0.058671817183,-0.137733936310,-0.137724518776,0.000862394634,0.000826727191,0.144791796803,-0.007826811634
215.445000000000,1.563796281815,1.563796281815,1.563822984695,1.563822746277,1.563921689987,4.202421665192,0.006557341665,0.006635189522,0.105105809867,0.105124004185,0.202023386955,0.058671798557,-0.137733995914,-0.137724578381,0.000862276356,0.000822990318,0.144789725542,-0.007826808840
215.465000000000,1.563796281815,1.563796281815,1.563822984695,1.563822746277,1.563921689987,4.202421665192,0.006557320710,0.006635209080,0.105105780065,0.105123683810,0.202022925019,0.058671761304,-0.137733802199,-0.137724488974,0.000861275825,0.000819512527,0.144791841507,-0.007826870307
215.485000000000,1.563796281815,1.563796281815,1.563822984695,1.563822627068,1.563921689987,4.202421665192,0.006557291839,0.006635214202,0.105105556548,0.105123333633,0.202023252845,0.058671742678,-0.137733682990,-0.137724414468,0.000860856264,0.000816256157,0.144789934158,-0.007826908492
215.505000000000,1.563796281815,1.563796281815,1.563822984695,1.563822627068,1.563921689987,4.202421665192,0.006557331420,0.006635244004,0.105105720460,0.105123050511,0.202022910118,0.058671709150,-0.137733608484,-0.137724354863,0.000860615692,0.000813210965,0.144791647792,-0.007826957852
215.525000000000,1.563796281815,1.563796281815,1.563822984695,1.563822627068,1.563921689987,4.202421665192,0.006558247376,0.006636222824,0.105096131563,0.105123572052,0.202023848891,0.058671396226,-0.137734606862,-0.137725412846,0.000885152549,0.000808844343,0.144787162542,-0.007827716880
215.545000000000,1.563796281815,1.563796281815,1.563822865486,1.563822627068,1.563921689987,4.202421665192,0.006558153778,0.006636133417,0.105096623302,0.105123259127,0.202023476362,0.058671396226,-0.137734368443,-0.137725204229,0.000884185079,0.000806336408,0.144788160920,-0.007827752270
215.565000000000,1.563796281815,1.563796281815,1.563822865486,1.563822627068,1.563921689987,4.202421665192,0.006557962857,0.006635932252,0.105097293854,0.105122916400,0.202023714781,0.058671407402,-0.137733951211,-0.137724757195,0.000882542692,0.000803994888,0.144786953926,-0.007827765308
215.585000000000,1.563796281815,1.563796281815,1.563822865486,1.563822627068,1.563921689987,4.202421665192,0.006557940971,0.006635901053,0.105097889900,0.105122648180,0.202023461461,0.058671399951,-0.137733846903,-0.137724652886,0.000881029526,0.000801775022,0.144788384438,-0.007827803493
215.605000000000,1.563796281815,1.563796281815,1.563822865486,1.563822627068,1.563921689987,4.202421665192,0.006557920016,0.006635881960,0.105098396540,0.105122484267,0.202023640275,0.058671396226,-0.137733787298,-0.137724578381,0.000879652682,0.000799517613,0.144787371159,-0.007827828638
215.625000000000,1.563796281815,1.563796281815,1.563822746277,1.563823699951,1.563921689987,4.202421665192,0.006559295580,0.006637135986,0.105099655688,0.105234809220,0.202021777630,0.058671828359,-0.137738823891,-0.137729361653,0.000874765858,0.000930625829,0.144785359502,-0.007826543413
215.645000000000,1.563796281815,1.563796281815,1.563822746277,1.563823699951,1.563921689987,4.202421665192,0.006557975896,0.006635707337,0.105100810528,0.105186641216,0.202025234699,0.058672033250,-0.137736216187,-0.137726590037,0.000875145022,0.000986985629,0.144785255194,-0.007825781591
215.665000000000,1.563772082329,1.563772916794,1.563853263855,1.563821673393,1.563922643661,4.202419281006,0.018114857376,0.018170779571,0.103461056948,0.103430487216,0.209444522858,0.058920066804,-0.168114975095,-0.168328762054,0.003195195692,0.002990377368,0.122538760304,-0.008330094628
215.685000000000,1.563773989677,1.563774466515,1.563846826553,1.563821673393,1.563923597336,4.202419281006,0.016164867207,0.016099512577,0.103311456740,0.103544853628,0.208522066474,0.058943126351,-0.163280591369,-0.163186356425,0.004085449502,0.003078835784,0.125785127282,-0.008209930733
215.705000000000,1.563767671585,1.563767552376,1.563840627670,1.563821673393,1.563921213150,4.202419281006,0.016100095585,0.016071034595,0.103415071964,0.103552483022,0.208776295185,0.058939084411,-0.163055747747,-0.163013830781,0.003860556521,0.003004326019,0.125096365809,-0.008204182610
215.725000000000,1.563683867455,1.563685178757,1.563715577126,1.563712000847,1.563784360886,4.202348232269,0.024460081011,0.023326225579,0.024151464924,0.024234686047,0.043477289379,-0.058744356036,0.177276581526,0.177352428436,0.108084648848,0.107050828636,0.158069953322,0.045824673027
215.745000000000,1.563694357872,1.563692331314,1.563714265823,1.563712239265,1.563755154610,4.202344894409,0.025007652119,0.025216044858,0.024716826156,0.024569200352,0.044850338250,-0.060556471348,0.182719469070,0.182923600078,0.107348062098,0.107046522200,0.181253120303,0.044192366302
215.765000000000,1.563696980476,1.563697099686,1.563713550568,1.563711881638,1.563742637634,4.202345371246,0.024298621342,0.024303175509,0.024303868413,0.024160839617,0.046354494989,-0.059667579830,0.182876974344,0.182890430093,0.107272624969,0.107028134167,0.150993138552,0.044114835560
215.785000000000,1.563696503639,1.563696622849,1.563713312149,1.563711762428,1.563738822937,4.202345371246,0.024253254756,0.024191468954,0.024314379320,0.024178914726,0.045916218311,-0.059726558626,0.182973772287,0.182994887233,0.107221730053,0.107010222971,0.152249366045,0.044120755047
215.805000000000,1.563696265221,1.563696146011,1.563712954521,1.563711762428,1.563736200333,4.202345371246,0.024307992309,0.024267209694,0.024289883673,0.024152047932,0.046334665269,-0.059687502682,0.183003634214,0.183037951589,0.107178926468,0.106995664537,0.151135236025,0.044118169695
215.825000000000,1.563696384430,1.563696265221,1.563712596893,1.563711762428,1.563736200333,4.202345371246,0.024305466563,0.024269022048,0.024312976748,0.024143269286,0.046387676150,-0.059680234641,0.182987824082,0.183022037148,0.107100673020,0.106987848878,0.150986045599,0.044118162245
215.845000000000,1.563696384430,1.563696265221,1.563712358475,1.563711643219,1.563736319542,4.202345371246,0.024297451600,0.024257510900,0.024332789704,0.024137910455,0.046401266009,-0.059681802988,0.182991027832,0.183019295335,0.107038684189,0.106982342899,0.150944486260,0.044126756489
215.865000000000,1.563696384430,1.563696265221,1.563712239265,1.563711643219,1.563736438751,4.202345371246,0.024299835786,0.024260293692,0.024333808571,0.024135874584,0.046388011426,-0.059681188315,0.182991325855,0.183018863201,0.107151314616,0.106979519129,0.150984615088,0.044118277729
215.885000000000,1.563696384430,1.563696265221,1.563712120056,1.563711643219,1.563736438751,4.202345371246,0.024298571050,0.024259680882,0.024321638048,0.024133378640,0.046387732029,-0.059682883322,0.182988390326,0.183019220829,0.107272021472,0.106975570321,0.150988981128,0.044118687510
215.905000000000,1.563696384430,1.563696265221,1.563712120056,1.563711643219,1.563736438751,4.202345371246,0.024298816919,0.024259898812,0.024308947846,0.024130245671,0.046388972551,-0.059683050960,0.182988867164,0.183019563556,0.107257947326,0.106971867383,0.150986164808,0.044119045138
215.925000000000,1.563696384430,1.563696265221,1.563712120056,1.563711643219,1.563736438751,4.202345371246,0.024299088866,0.024260120466,0.024297302589,0.024127338082,0.046388681978,-0.059683162719,0.182988956571,0.183019489050,0.107237309217,0.106968373060,0.150987207890,0.044119291008
215.945000000000,1.563696384430,1.563696265221,1.563712000847,1.563711643219,1.563736438751,4.202345371246,0.024299034849,0.024260085076,0.024286681786,0.024124655873,0.046389203519,-0.059683136642,0.182988911867,0.183019384742,0.107214786112,0.106965124607,0.150985911489,0.044119521976
215.965000000000,1.563696384430,1.563696265221,1.563712000847,1.563711643219,1.563736438751,4.202345371246,0.024299051613,0.024260113016,0.024276817217,0.024122154340,0.046388771385,-0.059683203697,0.182988971472,0.183019340038,0.107193842530,0.106962114573,0.150987163186,0.044119715691
215.985000000000,1.563696384430,1.563696265221,1.563712000847,1.563711643219,1.563736438751,4.202345371246,0.024299053475,0.024260105565,0.024260975420,0.024119693786,0.046389210969,-0.059683188796,0.182988971472,0.183019295335,0.107174418867,0.106959320605,0.150986060500,0.044119894505
216.005000000000,1.563696384430,1.563696265221,1.563712000847,1.563711643219,1.563736438751,4.202345371246,0.024298623204,0.024259617552,0.024239420891,0.024116165936,0.046386986971,-0.059682123363,0.182988896966,0.183019340038,0.106976509094,0.106956794858,0.150987148285,0.044119372964
216.025000000000,1.563696384430,1.563696265221,1.563712000847,1.563711643219,1.563736319542,4.202345371246,0.024299306795,0.024260357022,0.024225044996,0.024114275351,0.046387381852,-0.059682708234,0.182989254594,0.183019697666,0.106993421912,0.106954373419,0.150987520814,0.044118698686
216.045000000000,1.563696384430,1.563696265221,1.563711881638,1.563711643219,1.563736319542,4.202345371246,0.024298995733,0.024260029197,0.024217836559,0.024112282321,0.046387374401,-0.059682901949,0.182989120483,0.183019533753,0.106992498040,0.106952123344,0.150987938046,0.044118721038
216.065000000000,1.563696384430,1.563696265221,1.563711881638,1.563711643219,1.563736319542,4.202345371246,0.024298999459,0.024260032922,0.024211460724,0.024110494182,0.046387907118,-0.059683080763,0.182989090681,0.183019593358,0.106996044517,0.106950044632,0.150986954570,0.044118762016
216.085000000000,1.563696384430,1.563696265221,1.563711881638,1.563711643219,1.563736319542,4.202345371246,0.024299060926,0.024260098115,0.024205818772,0.024108806625,0.046387746930,-0.059683196247,0.182989194989,0.183019533753,0.106989003718,0.106948077679,0.150987595320,0.044118776917
216.105000000000,1.563696384430,1.563696265221,1.563711881638,1.563710212708,1.563736438751,4.202345371246,0.024303583428,0.024264626205,0.024211660028,0.022695761174,0.046405468136,-0.059707932174,0.182989135385,0.183019474149,0.106979459524,0.106946229935,0.150986924767,0.044118799269
216.125000000000,1.563696384430,1.563696265221,1.563711762428,1.563712716103,1.563736319542,4.202345371246,0.024299442768,0.024260750040,0.024195419624,0.024279961362,0.046385936439,-0.059682037681,0.182989761233,0.183020010591,0.106970831752,0.107246957719,0.150990530849,0.044118508697
216.145000000000,1.563715100288,1.563714861870,1.563714027405,1.563710093498,1.563729763031,4.202353000641,0.005294559058,0.005559773184,0.030609907582,0.022007083520,0.037422794849,-0.054889570922,0.057606872171,0.064775928855,0.080625437200,0.111930169165,0.152206420898,-0.021464338526
216.165000000000,1.563745975494,1.563747167587,1.563741445541,1.563711166382,1.563762307167,4.202347278595,0.004047379829,0.004046372138,0.023096492514,0.023302275687,0.040038395673,-0.057764828205,0.058248642832,0.058206446469,0.108073644340,0.107164889574,0.169165179133,0.044145353138
216.185000000000,1.563738584518,1.563738703728,1.563734292984,1.563711166382,1.563759207726,4.202347278595,0.002505552024,0.002434054157,0.023167945445,0.023373497650,0.039928175509,-0.057914532721,0.062267046422,0.062459155917,0.108149178326,0.107115007937,0.170408993959,0.044163536280
216.205000000000,1.563727140427,1.563756823540,1.563713073730,1.563722491264,1.563742637634,4.202329158783,-0.003490870353,0.026375282556,0.007794456091,0.034711897373,0.025006692857,-0.075941987336,0.062177330256,0.062301218510,0.107998333871,0.107080221176,0.170130103827,0.044162102044
216.225000000000,1.563776731491,1.563776254654,1.563825607300,1.563822984695,1.563969612122,4.202423095703,0.003805729561,0.003320972435,0.105159513652,0.105109915137,0.205331698060,0.058765295893,-0.130741283298,-0.129691064358,0.001263628248,0.000790752179,0.135848462582,-0.007593327668
216.245000000000,1.563785433769,1.563784241676,1.563824653625,1.563822746277,1.563923597336,4.202422142029,0.003808582667,0.003832129762,0.105070076883,0.104960381985,0.210286960006,0.058762159199,-0.130730748177,-0.131050378084,0.000798328139,0.000484259741,0.122359409928,-0.007692890707
216.265000000000,1.563786864281,1.563786983490,1.563824534416,1.563822865486,1.563938498497,4.202421665192,0.003679287853,0.003598390147,0.105141811073,0.105052672327,0.206827744842,0.058754101396,-0.130381152034,-0.130445972085,0.001015643124,0.000734098314,0.131954833865,-0.007711629849
216.285000000000,1.563786268234,1.563786268234,1.563824176788,1.563822865486,1.563933372498,4.202421665192,0.003652116517,0.003545619082,0.105134569108,0.105061843991,0.206654354930,0.058754172176,-0.130320712924,-0.130310311913,0.000983304577,0.000736220274,0.132514581084,-0.007707662415
216.305000000000,1.563786149025,1.563786029816,1.563823938370,1.563822746277,1.563932180405,4.202421665192,0.003682832932,0.003586729290,0.105118758976,0.105055026710,0.206852108240,0.058753915131,-0.130397498608,-0.130411952734,0.000908781774,0.000709905755,0.131946966052,-0.007710584905
216.325000000000,1.563786268234,1.563786149025,1.563823699951,1.563822746277,1.563932418823,4.202421665192,0.003681307659,0.003586872481,0.104972012341,0.105051733553,0.206873521209,0.058756634593,-0.130401119590,-0.130422532558,0.000872126839,0.000711767643,0.131904706359,-0.007673311047
216.345000000000,1.563786268234,1.563786149025,1.563823223114,1.563822746277,1.563932538033,4.202421665192,0.003679523710,0.003583038459,0.105029791594,0.105053648353,0.206880986691,0.058753602207,-0.130386650562,-0.130401879549,0.000727521081,0.000692619244,0.131859004498,-0.007711193524
216.365000000000,1.563786268234,1.563786149025,1.563823223114,1.563822746277,1.563932538033,4.202421665192,0.003679766785,0.003583527869,0.105033434927,0.105052798986,0.206872999668,0.058753639460,-0.130387842655,-0.130403742194,0.000717619841,0.000689714041,0.131881073117,-0.007711488288
216.385000000000,1.563786268234,1.563786149025,1.563823103905,1.563822746277,1.563932538033,4.202421665192,0.003678556764,0.003582701785,0.105032682419,0.105051867664,0.206871569157,0.058753848076,-0.130385980010,-0.130402624607,0.000718456286,0.000687139691,0.131887122989,-0.007711301558
216.405000000000,1.563786268234,1.563786149025,1.563823103905,1.563822746277,1.563932538033,4.202421665192,0.003678617999,0.003582789330,0.105032116175,0.105051368475,0.206872075796,0.058753829449,-0.130386143923,-0.130402773619,0.000718244235,0.000683156133,0.131885379553,-0.007711357437
216.425000000000,1.563786268234,1.563786149025,1.563823103905,1.563822746277,1.563932538033,4.202421665192,0.003678692738,0.003582882462,0.105031855404,0.105050966144,0.206871703267,0.058753795922,-0.130386263132,-0.130402848125,0.000717373798,0.000679420307,0.131886437535,-0.007711388171
216.445000000000,1.563786268234,1.563786149025,1.563822984695,1.563822627068,1.563932538033,4.202421665192,0.003678647103,0.003582878271,0.105031907558,0.105050608516,0.206871986389,0.058753777295,-0.130386099219,-0.130402773619,0.000717244868,0.000675809395,0.131885319948,-0.007711416576
216.465000000000,1.563786268234,1.563786149025,1.563822984695,1.563822627068,1.563932538033,4.202421665192,0.003678635461,0.003582895966,0.105031713843,0.105050288141,0.206871658564,0.058753747493,-0.130385950208,-0.130402699113,0.000716761162,0.000672480382,0.131886363029,-0.007711471058
216.485000000000,1.563786268234,1.563786149025,1.563822984695,1.563822627068,1.563932538033,4.202421665192,0.003678637557,0.003582895268,0.105031989515,0.105049960315,0.206871911883,0.058753725141,-0.130385830998,-0.130402594805,0.000716057722,0.000669311034,0.131885305047,-0.007711524144
216.505000000000,1.563786268234,1.563786149025,1.563822984695,1.563822627068,1.563932538033,4.202421665192,0.003679269459,0.003583531128,0.105023734272,0.105050519109,0.206872686744,0.058753393590,-0.130385920405,-0.130402714014,0.000737221038,0.000664743362,0.131883069873,-0.007712319028
216.525000000000,1.563786268234,1.563786149025,1.563822865486,1.563822627068,1.563932538033,4.202421665192,0.003679428482,0.003583682701,0.105022519827,0.105050176382,0.206872642040,0.058753397316,-0.130386322737,-0.130403175950,0.000740402960,0.000662297884,0.131883412600,-0.007712350227
216.545000000000,1.563786268234,1.563786149025,1.563822865486,1.563822627068,1.563932538033,4.202421665192,0.003679213580,0.003583463142,0.105023138225,0.105049856007,0.206872433424,0.058753404766,-0.130385830998,-0.130402654409,0.000738873379,0.000659925689,0.131884202361,-0.007712361403
216.565000000000,1.563786268234,1.563786149025,1.563822865486,1.563822627068,1.563932538033,4.202421665192,0.003679161426,0.003583409125,0.105023674667,0.105049550533,0.206872582436,0.058753404766,-0.130385711789,-0.130402535200,0.000737417489,0.000657635916,0.131883621216,-0.007712395396
216.585000000000,1.563786268234,1.563786149025,1.563822865486,1.563822627068,1.563932538033,4.202421665192,0.003679154906,0.003583408659,0.105024591088,0.105049297214,0.206872358918,0.058753401041,-0.130385726690,-0.130402520299,0.000735410431,0.000655498123,0.131884291768,-0.007712395862
216.605000000000,1.563786268234,1.563786149025,1.563822746277,1.563823223114,1.563932538033,4.202421665192,0.003677427303,0.003581680125,0.105024270713,0.105316847563,0.206868425012,0.058753330261,-0.130380362272,-0.130396962166,0.000720442855,0.000412269030,0.131860807538,-0.007711173501
216.625000000000,1.563786268234,1.563786149025,1.563822746277,1.563823699951,1.563932538033,4.202421665192,0.003679616377,0.003583712736,0.105026900768,0.105122566223,0.206873357296,0.058754038066,-0.130389079452,-0.130405470729,0.000730868720,0.000845344621,0.131886467338,-0.007710441016
216.645000000000,1.563760161400,1.563760519028,1.563849687576,1.563822150230,1.563911676407,4.202419757843,0.015130075626,0.015339876525,0.105767868459,0.103807918727,0.202797189355,0.058899916708,-0.160371690989,-0.160814568400,-0.001444414607,0.003206779016,0.141573354602,-0.008463046513
216.665000000000,1.563776969910,1.563777804375,1.563850402832,1.563822388649,1.563924551010,4.202418327332,0.012574018911,0.012593868189,0.103739149868,0.103999376297,0.200511544943,0.058944012970,-0.154207721353,-0.154142692685,0.004574943334,0.003562169382,0.149235904217,-0.008061751723
216.685000000000,1.563770294189,1.563770294189,1.563843607903,1.563822388649,1.563920259476,4.202418804169,0.011922367848,0.011992323212,0.103907972574,0.104082211852,0.200382247567,0.058940075338,-0.152507200837,-0.152445599437,0.004355284851,0.003439122811,0.149974361062,-0.008016922511
216.705000000000,1.563714861870,1.563725948334,1.563734889030,1.563735723495,1.563702702522,4.202297210693,0.013257115148,0.021123154089,0.038013055921,0.048070322722,0.000900247891,-0.147408589721,0.094777703285,0.070946872234,0.050335664302,0.020669441670,0.030047217384,-0.126872897148
216.725000000000,1.563727021217,1.563724994659,1.563713073730,1.563710808754,1.563782572746,4.202348709106,0.014619240537,0.014168461785,0.023252982646,0.023113809526,0.038339052349,-0.057339373976,0.031503159553,0.032586622983,0.107430823147,0.107066579163,0.176592975855,0.044505178928
216.745000000000,1.563732862473,1.563732624054,1.563712477684,1.563710689545,1.563756108284,4.202348232269,0.014251523651,0.014354058541,0.023157777265,0.023009160534,0.039563745260,-0.057045534253,0.032290343195,0.031956851482,0.107298955321,0.107042737305,0.170275732875,0.044340401888
216.765000000000,1.563732862473,1.563732981682,1.563712239265,1.563710689545,1.563758611679,4.202348232269,0.013990614563,0.013941427693,0.023205213249,0.023069363087,0.039512373507,-0.057186450809,0.033017456532,0.033068478107,0.107258081436,0.107024140656,0.174487054348,0.044340934604
216.785000000000,1.563732385635,1.563732266426,1.563712000847,1.563710689545,1.563754081726,4.202348232269,0.013978085481,0.013910449110,0.023174092174,0.023045059294,0.040572501719,-0.057144846767,0.033033266664,0.033134706318,0.107209384441,0.107007414103,0.174667969346,0.044344920665
216.805000000000,1.563732385635,1.563732385635,1.563711524010,1.563710570335,1.563753604889,4.202348232269,0.014016453177,0.013962885365,0.023198211566,0.023036021739,0.040530323982,-0.057134356350,0.032930415124,0.032997485250,0.107137240469,0.106996171176,0.174397617579,0.044344563037
216.825000000000,1.563732504845,1.563732385635,1.563711524010,1.563710570335,1.563753724098,4.202348232269,0.014015310444,0.013959091157,0.023173235357,0.023036776111,0.040467042476,-0.057061076164,0.032954338938,0.033010020852,0.107115633786,0.106979444623,0.174369245768,0.044125698507
216.845000000000,1.563732504845,1.563732385635,1.563711166382,1.563710570335,1.563753962517,4.202348232269,0.014010599814,0.013956198469,0.023226970807,0.023029763252,0.040414467454,-0.057137481868,0.032947815955,0.033012583852,0.107022643089,0.106984227896,0.174366369843,0.044344462454
216.865000000000,1.563732504845,1.563732385635,1.563711047173,1.563710570335,1.563753962517,4.202348232269,0.014010217972,0.013956378214,0.023215496913,0.023027056828,0.040420249104,-0.057139035314,0.032950405031,0.033014442772,0.107161752880,0.106981337070,0.174374759197,0.044344142079
216.885000000000,1.563732504845,1.563732385635,1.563711047173,1.563710570335,1.563753962517,4.202348232269,0.014009211212,0.013955700211,0.023203425109,0.023024300113,0.040423616767,-0.057140484452,0.032951064408,0.033017978072,0.107263922691,0.106977514923,0.174375116825,0.044344618917
216.905000000000,1.563732504845,1.563732385635,1.563710927963,1.563710570335,1.563753962517,4.202348232269,0.014009546489,0.013955978677,0.023191234097,0.023020908237,0.040423236787,-0.057140618563,0.032950364053,0.033017240465,0.107248321176,0.106973960996,0.174374431372,0.044344861060
216.925000000000,1.563732504845,1.563732385635,1.563710927963,1.563710570335,1.563753962517,4.202348232269,0.014009637758,0.013956080191,0.023180287331,0.023016925901,0.040423702449,-0.057140614837,0.032950174063,0.033016849309,0.107225827873,0.106970585883,0.174374699593,0.044345147908
216.945000000000,1.563732504845,1.563732385635,1.563710927963,1.563710570335,1.563753962517,4.202348232269,0.014009620994,0.013956100680,0.023169673979,0.023013640195,0.040423180908,-0.057140629739,0.032950233668,0.033016733825,0.107204169035,0.106967493892,0.174374416471,0.044345345348
216.965000000000,1.563732504845,1.563732385635,1.563710808754,1.563710570335,1.563753962517,4.202348232269,0.014009627514,0.013956137002,0.023160502315,0.023010900244,0.040423672646,-0.057140599936,0.032950215042,0.033016599715,0.107184156775,0.106964610517,0.174374744296,0.044345542789
216.985000000000,1.563732504845,1.563732385635,1.563710808754,1.563710451126,1.563753962517,4.202348232269,0.014009668492,0.013956177048,0.023151297122,0.023008489981,0.040423229337,-0.057140551507,0.032950107008,0.033016506582,0.107164599001,0.106961980462,0.174374461174,0.044345628470
217.005000000000,1.563732504845,1.563732385635,1.563710808754,1.563710451126,1.563753962517,4.202348232269,0.014010298066,0.013956780545,0.023125298321,0.023005239666,0.040423434228,-0.057139847428,0.032947476953,0.033014044166,0.106996163726,0.106959544122,0.174375504255,0.044344536960
217.025000000000,1.563732504845,1.563732385635,1.563710808754,1.563710451126,1.563753962517,4.202348232269,0.014010236599,0.013956724666,0.023118084297,0.023003187031,0.040423817933,-0.057140022516,0.032947726548,0.033014275134,0.106995947659,0.106957241893,0.174375370145,0.044344503433
217.045000000000,1.563732504845,1.563732385635,1.563710808754,1.563710451126,1.563753962517,4.202348232269,0.014010025188,0.013956506737,0.023111730814,0.023001261055,0.040424190462,-0.057140197605,0.032948229462,0.033015031368,0.106998443604,0.106955088675,0.174375370145,0.044344540685
217.065000000000,1.563732504845,1.563732385635,1.563710808754,1.563710451126,1.563753962517,4.202348232269,0.014010032639,0.013956511393,0.023105651140,0.022999484092,0.040423844010,-0.057140331715,0.032948467880,0.033015061170,0.106993496418,0.106953106821,0.174375146627,0.044344548136
217.085000000000,1.563732504845,1.563732385635,1.563710689545,1.563710451126,1.563753962517,4.202348232269,0.014010050334,0.013956527226,0.023099930957,0.022998023778,0.040424037725,-0.057140380144,0.032948531210,0.033014927059,0.106983810663,0.106950871646,0.174375280738,0.044344592839
217.105000000000,1.563732504845,1.563732385635,1.563710689545,1.563711524010,1.563753962517,4.202348232269,0.014011076652,0.013957763091,0.023093121126,0.023216851056,0.040426079184,-0.057136952877,0.032944217324,0.033010847867,0.106974557042,0.107163518667,0.174379363656,0.044344052672
217.125000000000,1.563732504845,1.563732385635,1.563710689545,1.563711524010,1.563753962517,4.202348232269,0.014009312727,0.013956177048,0.023087693378,0.023150596768,0.040426179767,-0.057139329612,0.032950304449,0.033017221838,0.106966026127,0.107255108654,0.174375966191,0.044344771653
217.145000000000,1.563690900803,1.563691377640,1.563743948936,1.563712120056,1.563735961914,4.202345371246,0.033939823508,0.034029297531,0.024490945041,0.024229604751,0.047813177109,-0.059807669371,0.192562416196,0.192942753434,0.106856375933,0.107160978019,0.147369861603,0.044157009572
217.165000000000,1.563696146011,1.563696503639,1.563737988472,1.563712120056,1.563739299774,4.202345371246,0.030793512240,0.030686331913,0.024069227278,0.024312790483,0.046182520688,-0.059918902814,0.191571861506,0.191706150770,0.108211286366,0.107127949595,0.151853710413,0.044161640108
217.185000000000,1.563689827919,1.563689708710,1.563731551170,1.563712000847,1.563736319542,4.202345371246,0.030605455860,0.030529784039,0.024113230407,0.024258777499,0.046460352838,-0.059835009277,0.188976839185,0.188866078854,0.108057752252,0.107092089951,0.151019781828,0.044163718820
217.205000000000,1.563780546188,1.563783049583,1.563824892044,1.563820719719,1.563946008682,4.202394008636,0.003197185928,0.003295969917,0.097393386066,0.097670905292,0.202704519033,0.061935804784,-0.137513875961,-0.136740878224,0.024289134890,0.022897783667,0.164736092091,-0.005961056799
217.225000000000,1.563794493675,1.563792228699,1.563825607300,1.563823580742,1.563931703568,4.202420711517,0.002267036121,0.002747565741,0.105546504259,0.105443097651,0.200116768479,0.058795213699,-0.121173858643,-0.121013149619,0.001608420280,0.001294997754,0.152447208762,-0.007559495978
217.245000000000,1.563798069954,1.563798069954,1.563825726509,1.563823938370,1.563903093338,4.202420711517,0.001933797612,0.001894616289,0.105987198651,0.105889402330,0.220204740763,0.058705076575,-0.120763324201,-0.120891489089,0.001417886931,0.001131800353,0.216867938638,-0.007550288923
217.265000000000,1.563797712326,1.563797831535,1.563825488091,1.563823938370,1.563900470734,4.202420711517,0.002202023752,0.002212729305,0.106019034982,0.105940446258,0.219477370381,0.058703981340,-0.120459675789,-0.120441131294,0.001362721785,0.001108272118,0.217235967517,-0.007524646819
217.285000000000,1.563797354698,1.563797354698,1.563825130463,1.563823938370,1.563896894455,4.202420711517,0.002256850246,0.002306651091,0.106013946235,0.105950281024,0.220182105899,0.058700412512,-0.120466165245,-0.120437301695,0.001272929600,0.001053318731,0.217399328947,-0.007526665926
217.305000000000,1.563797473907,1.563797473907,1.563824892044,1.563823938370,1.563896775246,4.202420711517,0.002213177038,0.002254641382,0.106012910604,0.105947464705,0.220271810889,0.058699700981,-0.120502024889,-0.120487809181,0.001158367260,0.001041420153,0.217385441065,-0.007528782357
217.325000000000,1.563797473907,1.563797473907,1.563824534416,1.563823819160,1.563896894455,4.202420711517,0.002218462527,0.002252186881,0.105903938413,0.105947032571,0.220298588276,0.058700643480,-0.120486631989,-0.120475552976,0.001108841738,0.001033742912,0.217372179031,-0.007523074280
217.345000000000,1.563797473907,1.563797473907,1.563824295998,1.563823819160,1.563896894455,4.202420711517,0.002213724656,0.002251588507,0.105925194919,0.105945274234,0.220271870494,0.058700427413,-0.120494924486,-0.120479844511,0.001053060056,0.001031107851,0.217369705439,-0.007528050337
217.365000000000,1.563797473907,1.563797473907,1.563824295998,1.563823819160,1.563896894455,4.202420711517,0.002213893225,0.002251942642,0.105924628675,0.105944268405,0.220268175006,0.058700650930,-0.120494037867,-0.120479598641,0.001053632819,0.001028722036,0.217376098037,-0.007527858950
217.385000000000,1.563797473907,1.563797473907,1.563824176788,1.563823819160,1.563896894455,4.202420711517,0.002215682296,0.002253375947,0.105924338102,0.105943806469,0.220269843936,0.058700632304,-0.120492450893,-0.120478287339,0.001052811625,0.001024620607,0.217377200723,-0.007527788635
217.405000000000,1.563797473907,1.563797473907,1.563824176788,1.563823819160,1.563896894455,4.202420711517,0.002215748886,0.002253381535,0.105923794210,0.105943374336,0.220269083977,0.058700595051,-0.120492637157,-0.120478413999,0.001052654115,0.001020832220,0.217377260327,-0.007527850568
217.425000000000,1.563797473907,1.563797473907,1.563824176788,1.563823819160,1.563896894455,4.202420711517,0.002215657849,0.002253246959,0.105923764408,0.105942994356,0.220269829035,0.058700568974,-0.120492540300,-0.120478354394,0.001052502776,0.001017163740,0.217377617955,-0.007527876645
217.445000000000,1.563797473907,1.563797473907,1.563824176788,1.563823819160,1.563896894455,4.202420711517,0.002215708606,0.002253204584,0.105923682451,0.105942659080,0.220269009471,0.058700535446,-0.120492376387,-0.120478272438,0.001051572734,0.001013754052,0.217377394438,-0.007527937647
217.465000000000,1.563797473907,1.563797473907,1.563824057579,1.563823819160,1.563896894455,4.202420711517,0.002215718152,0.002253145911,0.105923458934,0.105942323804,0.220269665122,0.058700513095,-0.120492219925,-0.120478168130,0.001051251078,0.001010527019,0.217377617955,-0.007527983282
217.485000000000,1.563797473907,1.563797473907,1.563824057579,1.563823819160,1.563896894455,4.202420711517,0.002215681365,0.002253094921,0.105923563242,0.105942033231,0.220269024372,0.058700487018,-0.120492190123,-0.120478130877,0.001051088795,0.001007536310,0.217377349734,-0.007528007962
217.505000000000,1.563797473907,1.563797473907,1.563824057579,1.563823819160,1.563896894455,4.202420711517,0.002214433160,0.002251812955,0.105913914740,0.105942621827,0.220270127058,0.058700185269,-0.120493128896,-0.120479173958,0.001075842883,0.001003103796,0.217373460531,-0.007528978400
217.525000000000,1.563797473907,1.563797473907,1.563824057579,1.563823819160,1.563896894455,4.202420711517,0.002214206383,0.002251559403,0.105914495885,0.105942308903,0.220269769430,0.058700185269,-0.120492875576,-0.120478913188,0.001074499800,0.001000633929,0.217373788357,-0.007528994698
217.545000000000,1.563797473907,1.563797473907,1.563823938370,1.563823819160,1.563896894455,4.202420711517,0.002214474138,0.002251842059,0.105915114284,0.105941995978,0.220270276070,0.058700192720,-0.120492562652,-0.120478577912,0.001072943211,0.000998314237,0.217374309897,-0.007528998423
217.565000000000,1.563797473907,1.563797473907,1.563823938370,1.563823819160,1.563896894455,4.202420711517,0.002214580076,0.002251947764,0.105915673077,0.105941727757,0.220269799232,0.058700188994,-0.120492503047,-0.120478518307,0.001071451465,0.000996130402,0.217374399304,-0.007529016584
217.585000000000,1.563797473907,1.563797473907,1.563823938370,1.563823819160,1.563896894455,4.202420711517,0.002214586362,0.002251954982,0.105916194618,0.105941526592,0.220270156860,0.058700177819,-0.120492421091,-0.120478428900,0.001070027822,0.000994019443,0.217374533415,-0.007529041730
217.605000000000,1.563797473907,1.563797473907,1.563823938370,1.563824892044,1.563896894455,4.202420711517,0.002213184955,0.002250686288,0.105917625129,0.106033280492,0.220269337296,0.058700710535,-0.120497331023,-0.120483092964,0.001066385885,0.001165226218,0.217372775078,-0.007527435664
217.625000000000,1.563733935356,1.563743948936,1.563720703125,1.563749432564,1.563768744469,4.202386856079,0.013507346623,0.024951053783,0.061523240060,0.061670683324,0.083307459950,0.004839780275,0.015681928024,0.064616754651,0.076893940568,0.075054220855,0.094000071287,-0.105671584606
217.645000000000,1.563804507256,1.563805580139,1.563853621483,1.563822865486,1.563935875893,4.202422142029,0.007766151801,0.007883155718,0.104735143483,0.104905657470,0.207176536322,0.058668795973,-0.140857547522,-0.140986099839,0.001292899135,0.000561751309,0.129424333572,-0.007898940705
217.665000000000,1.563800692558,1.563800930977,1.563846588135,1.563822865486,1.563933730125,4.202421665192,0.006345133763,0.006405087188,0.104764781892,0.104981943965,0.206519618630,0.058694727719,-0.137334361672,-0.137253254652,0.001618541428,0.000645167485,0.131831079721,-0.007851422764
217.685000000000,1.563795208931,1.563795208931,1.563840746880,1.563822746277,1.563931941986,4.202421665192,0.006324135698,0.006381224375,0.104825325310,0.104969501495,0.206685259938,0.058697000146,-0.137245371938,-0.137208819389,0.001458292012,0.000633109477,0.131415069103,-0.007848033682
217.705000000000,1.563709735870,1.563709259033,1.563713669777,1.563710808754,1.563793778419,4.202349662781,0.009334949777,0.008618447930,0.023116217926,0.023060308769,0.039940379560,-0.057526219636,0.044912666082,0.046715084463,0.107696734369,0.107065871358,0.166697204113,0.045080725104
217.725000000000,1.563720107079,1.563718676567,1.563712477684,1.563710570335,1.563736200333,4.202348709106,0.009334288538,0.009482041001,0.023010598496,0.022860756144,0.043117221445,-0.056717455387,0.044636480510,0.044230882078,0.107320234179,0.107049733400,0.153971165419,0.044320963323
217.745000000000,1.563721656799,1.563721776009,1.563712358475,1.563710689545,1.563759207726,4.202348232269,0.009141928516,0.009133511223,0.023157050833,0.023015966639,0.040824383497,-0.057095836848,0.045279119164,0.045259479433,0.107269167900,0.107030011714,0.163284450769,0.044297203422
217.765000000000,1.563720941544,1.563720941544,1.563712120056,1.563710689545,1.563754558563,4.202348232269,0.009101284668,0.009045020677,0.023154573515,0.023020580411,0.040798626840,-0.057121984661,0.045399688184,0.045502077788,0.107221081853,0.107012495399,0.163713291287,0.044304311275
217.785000000000,1.563720822334,1.563720703125,1.563711762428,1.563710570335,1.563752889633,4.202348232269,0.009150439873,0.009109694511,0.023142769933,0.023006495088,0.040885183960,-0.057101532817,0.045267172158,0.045329533517,0.107176497579,0.106998890638,0.163240343332,0.044301997870
217.805000000000,1.563720941544,1.563720822334,1.563711524010,1.563710570335,1.563753128052,4.202348232269,0.009156551212,0.009114154615,0.023149732500,0.023004412651,0.040903419256,-0.057016875595,0.045266080648,0.045316107571,0.107116445899,0.106980353594,0.163181260228,0.044076334685
217.825000000000,1.563720941544,1.563720822334,1.563711166382,1.563710570335,1.563753247261,4.202348232269,0.009144206531,0.009104390629,0.023193163797,0.022995559499,0.040893327445,-0.057098150253,0.045280288905,0.045337557793,0.107012838125,0.106985256076,0.163169965148,0.044305384159
217.845000000000,1.563720941544,1.563720822334,1.563711047173,1.563710570335,1.563753247261,4.202348232269,0.009145266376,0.009105829522,0.023186869919,0.022992122918,0.040891550481,-0.057098060846,0.045280463994,0.045335128903,0.107093542814,0.106982208788,0.163186624646,0.044301301241
217.865000000000,1.563720941544,1.563720822334,1.563711047173,1.563710570335,1.563753247261,4.202348232269,0.009144231677,0.009105305187,0.023175109178,0.022989306599,0.040892936289,-0.057100407779,0.045280549675,0.045339446515,0.107268758118,0.106978490949,0.163188412786,0.044301841408
217.885000000000,1.563720941544,1.563720822334,1.563710927963,1.563710570335,1.563753247261,4.202348232269,0.009144436568,0.009105506353,0.023162521422,0.022985892370,0.040893241763,-0.057100567967,0.045280091465,0.045338943601,0.107255227864,0.106974847615,0.163187131286,0.044302128255
217.905000000000,1.563720941544,1.563720822334,1.563710927963,1.563710451126,1.563753247261,4.202348232269,0.009144620970,0.009105676785,0.023151136935,0.022982964292,0.040893286467,-0.057100612670,0.045279730111,0.045338381082,0.107234045863,0.106971397996,0.163187682629,0.044302385300
217.925000000000,1.563720941544,1.563720822334,1.563710927963,1.563710451126,1.563753247261,4.202348232269,0.009144584648,0.009105673060,0.023140557110,0.022980272770,0.040893353522,-0.057100601494,0.045279826969,0.045338295400,0.107211768627,0.106968201697,0.163187086582,0.044302608818
217.945000000000,1.563720941544,1.563720822334,1.563710808754,1.563710451126,1.563753247261,4.202348232269,0.009144592099,0.009105707519,0.023130906746,0.022977754474,0.040893338621,-0.057100623846,0.045279819518,0.045338168740,0.107191212475,0.106965236366,0.163187697530,0.044302809983
217.965000000000,1.563720941544,1.563720822334,1.563710808754,1.563710451126,1.563753247261,4.202348232269,0.009144593962,0.009105721489,0.023121664301,0.022975299507,0.040893360972,-0.057100538164,0.045279785991,0.045338120311,0.107170499861,0.106962516904,0.163187146187,0.044302932918
217.985000000000,1.563720941544,1.563720822334,1.563710808754,1.563710451126,1.563753247261,4.202348232269,0.009144652635,0.009105721489,0.023097338155,0.022971920669,0.040892034769,-0.057099897414,0.045278526843,0.045337107033,0.106989070773,0.106960013509,0.163187697530,0.044302079827
218.005000000000,1.563720941544,1.563720822334,1.563710808754,1.563710451126,1.563753247261,4.202348232269,0.009145006537,0.009106112644,0.023087408394,0.022969905287,0.040892250836,-0.057100083679,0.045277796686,0.045336283743,0.106995157897,0.106957636774,0.163187727332,0.044301800430
218.025000000000,1.563720941544,1.563720822334,1.563710808754,1.563710451126,1.563753247261,4.202348232269,0.009144763462,0.009105858393,0.023080898449,0.022967951372,0.040892396122,-0.057100299746,0.045278336853,0.045337121934,0.106998227537,0.106955401599,0.163187921047,0.044301822782
218.045000000000,1.563720941544,1.563720822334,1.563710689545,1.563710451126,1.563753247261,4.202348232269,0.009144758806,0.009105846286,0.023074653000,0.022966144606,0.040892533958,-0.057100430131,0.045278634876,0.045337252319,0.106995478272,0.106953389943,0.163187503815,0.044301863760
218.065000000000,1.563720941544,1.563720822334,1.563710689545,1.563710451126,1.563753247261,4.202348232269,0.009144789539,0.009105889127,0.023065492511,0.022964460775,0.040892567486,-0.057100515813,0.045278675854,0.045337114483,0.106987841427,0.106951422989,0.163187816739,0.044301889837
218.085000000000,1.563720941544,1.563720822334,1.563710689545,1.563710570335,1.563753247261,4.202348232269,0.009139530361,0.009100867435,0.023049548268,0.023416092619,0.040882293135,-0.057081699371,0.045283600688,0.045342039317,0.106978677213,0.106593608856,0.163187503815,0.044303975999
218.105000000000,1.563720941544,1.563720822334,1.563710689545,1.563711524010,1.563753247261,4.202348232269,0.009144741111,0.009106131271,0.023051436990,0.023127065971,0.040892053396,-0.057099498808,0.045278593898,0.045337282121,0.106970012188,0.107257373631,0.163188874722,0.044301860034
218.125000000000,1.563684105873,1.563683986664,1.563735723495,1.563712358475,1.563740849495,4.202345848083,0.028904132545,0.029115259647,0.027728267014,0.024399159476,0.041758630425,-0.061094611883,0.183303445578,0.183656349778,0.099202066660,0.107166744769,0.168451562524,0.044744689018
