time,pos_1,pos_2,pos_3,pos_4,pos_5,pos_6,vel_1,vel_2,vel_3,vel_4,vel_5,vel_6,eff_1,eff_2,eff_3,eff_4,eff_5,eff_6
9.346000000000,6.282870292664,6.282324790955,6.282335758209,6.280750751495,6.282852172852,6.281748294830,-0.001626495970,0.003630911466,0.006906003226,-0.002782864263,0.007928907871,-0.002658593934,0.026655351743,0.032779470086,0.033749263734,0.063231989741,0.023296535015,0.069979630411
9.368000000000,6.282842636108,6.282286643982,6.282353878021,6.280823707581,6.282826900482,6.281732559204,-0.016241710633,-0.008570903912,-0.020377388224,-0.003516606987,-0.015849143267,-0.018813677132,-0.012322762981,0.001598189003,-0.002533748513,0.030815890059,-0.018026379868,-0.026411812752
9.386000000000,6.282869815826,6.282285213470,6.282376289368,6.280862808228,6.282896041870,6.281945228577,0.009984735399,0.009377664886,0.010543833487,0.009662637487,0.010404624976,0.030503110960,0.008584024385,0.023773886263,0.018579076976,0.055973652750,0.014971486293,0.048929173499
9.406000000000,6.282761573792,6.282285213470,6.282378196716,6.280898094177,6.282915115356,6.282051086426,-0.036819767207,-0.023732453585,-0.038842685521,-0.029961761087,-0.037480235100,-0.029761886224,-0.012627314776,-0.006658827420,-0.017025986686,0.021277561784,-0.032675415277,-0.194930046797
9.426000000000,6.282649040222,6.282324314117,6.282371044159,6.280998706818,6.282947063446,6.282180786133,0.000158107607,0.008071119897,0.011090815067,0.006788146682,0.013244662434,0.016816742718,0.022650202736,0.023167965934,0.028138501570,0.049374297261,0.015419812873,0.028380466625
9.446000000000,6.282521247864,6.282358646393,6.282334327698,6.280997276306,6.283024787903,6.282629966736,0.028296047822,0.032024629414,0.041288968176,0.032615922391,0.053239949048,0.084342412651,0.032704226673,0.032729364932,0.040323000401,0.064230971038,0.026534751058,0.087680265307
9.466000000000,6.282423019409,6.282270908356,6.282279491425,6.280992507935,6.282926559448,6.282665252686,-0.007731738035,-0.013570939191,-0.009206267074,-0.005915671121,-0.022259840742,-0.026527618989,0.019008850679,0.021641133353,0.021724777296,0.047741997987,0.009264166467,0.019925227389
9.486000000000,6.282481193542,6.282210350037,6.282347679138,6.280954360962,6.282902240753,6.282631397247,0.012040598318,0.000543393195,0.014168621972,-0.004015922546,0.005640881602,-0.004633610602,0.014511818998,0.020413141698,0.017207758501,0.045544046909,0.006557317916,0.012619465590
9.507000000000,6.282474517822,6.282195568085,6.282372951508,6.281016349792,6.282868385315,6.282635211945,-0.001106299111,-0.023765398189,-0.004798203707,-0.030803691596,-0.022126648575,-0.029134560376,0.006868164986,0.009497929364,0.008598195389,0.020751563832,-0.002295213286,-0.065905570984
9.527000000000,6.281507492065,6.267715930939,6.275878906250,6.277463912964,6.280268669128,6.261125087738,0.618513822556,-0.343717902899,-1.208168864250,-0.185358196497,-0.289569467306,-1.710924625397,1.426222562790,-1.145429730415,-1.544437050819,0.267356157303,2.344742536545,0.017373520881
9.547000000000,0.006358821411,6.235542774200,6.247668743134,6.280578136444,0.002129832748,6.226704597473,-0.010865261778,-1.736032605171,-1.772706985474,0.004511743318,-0.011496355757,-1.753598928452,-0.105653852224,-0.067492984235,-0.123982407153,1.698262691498,-0.156059563160,-0.108719497919
9.566000000000,0.017346721143,6.201642036438,6.213571071625,0.005838004872,0.013138761744,6.192976951599,0.810651004314,-1.733980298042,-1.759552240372,0.223751038313,0.287874877453,-1.741894006729,1.025643229485,-0.121009975672,-0.123592413962,-0.195415586233,-0.167477622628,-0.180350527167
9.586000000000,0.029906406999,6.169975280762,6.182342529297,0.018726209179,0.026432193816,6.162092685699,0.800126075745,-1.625266194344,-1.552208423615,0.412481665611,0.470796108246,-1.621121048927,0.633655965328,-0.117977105081,-0.112321220338,-0.188221588731,-0.148871108890,-0.169125333428
9.606000000000,0.043753411621,6.139956474304,6.152484893799,0.032580990344,0.040615476668,6.132652282715,0.778228163719,-1.498043060303,-1.553904175758,0.577950954437,0.565478980541,-1.489772439003,0.408687740564,-0.081552736461,-0.102336265147,0.445717453957,-0.135727435350,-0.118505686522
9.626000000000,0.058166347444,6.112868309021,6.124582290649,0.046367414296,0.055178128183,6.106098651886,0.684911549091,-1.244814276695,-1.319532632828,0.823669075966,0.684435665607,-1.222551822662,-0.025852298364,0.002388033085,-0.020755197853,0.228728026152,-0.029627710581,-0.000710437016
9.646000000000,0.073417283595,6.087840557098,6.098760604858,0.061101686209,0.070482797921,6.081553459167,0.739911675453,-1.258004784584,-1.301634907722,0.737174212933,0.739377439022,-1.234364151955,-0.015195461921,-0.007019923534,-0.008565167896,-0.056385427713,-0.018023198470,-0.008624094538
9.668000000000,0.088651217520,6.064354896545,6.075253486633,0.076626494527,0.085758604109,6.059244155884,0.774187564850,-1.164793610573,-1.119563221931,0.771917760372,0.773924827576,-1.061833381653,-0.007551986724,0.001063020318,0.002514696447,-0.034440319985,-0.004930594005,0.001547607128
9.676000000000,0.103967979550,6.042706012726,6.052963733673,0.092241548002,0.101081974804,6.038092136383,0.807085931301,-1.078331232071,-1.113682627678,0.807760536671,0.807127356529,-1.056718349457,-0.002014672384,0.006201254204,0.008741093799,-0.026190167293,0.003064896446,0.007577304728
9.706000000000,0.119269035757,6.023032665253,6.032581329346,0.107876621187,0.116379201412,6.018752574921,0.835839092731,-0.926724553108,-0.959085583687,0.843111991882,0.836474955082,-0.910305023193,0.005561002996,0.012514586560,0.016965989023,-0.018261002377,0.013550811447,0.014688339084
9.727000000000,0.134510442615,6.004441738129,6.013302326202,0.123559087515,0.131652548909,6.000467300415,0.839782059193,-0.922660887241,-0.953066289425,0.861358404160,0.841964304447,-0.905711472034,0.006480420474,0.014315668494,0.017460584641,-0.014773546718,0.009752555750,0.016267713159
9.746000000000,0.149562522769,5.986803531647,5.995100021362,0.138982400298,0.146731868386,5.983180522919,0.837807178497,-0.858836889267,-0.887928903103,0.845660984516,0.839553654194,-0.843570291996,0.006780304480,0.015620935708,0.020219713449,-0.019749226049,0.015863947570,0.017399964854
9.766000000000,0.164302051067,5.970484733582,5.978184223175,0.154140412807,0.161483108997,5.967008113861,0.836775243282,-0.795740306377,-0.822828650475,0.848849534988,0.838778376579,-0.781693577766,0.009530368261,0.018655026332,0.023553628474,-0.016378471628,0.020820755512,0.020261839032
9.786000000000,0.178738057613,5.955347061157,5.962489128113,0.169045165181,0.175924494863,5.952375888824,0.841057717800,-0.734131515026,-0.759050726891,0.859103679657,0.843893706799,-0.668363392353,0.015415932983,0.024609662592,0.030360031873,-0.009769477881,0.030252680182,0.026137314737
9.806000000000,0.192909568548,5.941413879395,5.948041915894,0.183779299259,0.190192550421,5.938778877258,0.850803852081,-0.679037332535,-0.701955199242,0.872794151306,0.854161918163,-0.666985750198,0.017798444256,0.026629555970,0.032570850104,-0.007388135418,0.033490907401,0.027717467397
9.828000000000,0.207056462765,5.928553581238,5.934705257416,0.198435157537,0.204361096025,5.926116943359,0.866178512573,-0.626067996025,-0.647000789642,0.890282094479,0.869354784489,-0.615876615047,0.020861240104,0.030406611040,0.036275707185,-0.003133296967,0.039125762880,0.031061708927
9.846000000000,0.221464902163,5.916363716125,5.922044277191,0.213108643889,0.218453451991,5.914109706879,0.854627847672,-0.586007773876,-0.606029868126,0.893875479698,0.858293354511,-0.577213168144,0.021175945178,0.034599103034,0.040048532188,-0.012697391212,0.038529612124,0.034765154123
9.866000000000,0.235029891133,5.905509948730,5.910799503326,0.227252185345,0.232107520103,5.903414249420,0.845070362091,-0.497753232718,-0.513591408730,0.873141467571,0.849336385727,-0.490417540073,0.023142069578,0.035804238170,0.041422057897,-0.003356921952,0.044598363340,0.035442762077
9.886000000000,0.248274117708,5.895509719849,5.900278091431,0.240997612476,0.245385810733,5.893383979797,0.835912048817,-0.459829568863,-0.474887996912,0.865661203861,0.839917778969,-0.453168064356,0.022040585056,0.035794224590,0.039714172482,-0.002675487660,0.043941944838,0.104943953454
9.906000000000,0.261239856482,5.886215686798,5.890459060669,0.254474520683,0.258364826441,5.884061813354,0.832734763622,-0.423625379801,-0.471382021904,0.867376446724,0.836289763451,-0.450129568577,0.026923118159,0.040567763150,0.046090979129,0.002065651817,0.052809711546,0.039028421044
9.927000000000,0.274029165506,5.877459049225,5.881562232971,0.267829239368,0.271179378033,5.875310420990,0.840624690056,-0.421374052763,-0.402634888887,0.876731216908,0.843884587288,-0.415335893631,0.027621809393,0.041441213340,0.046597003937,0.003098043147,0.053979098797,0.039352171123
9.947000000000,0.286285102367,5.840013027191,5.873176574707,0.279818445444,0.282667458057,5.785954952240,0.634856283665,-29.518213272095,-0.558958232403,0.146377339959,0.039096683264,-13.752468109131,-0.097568228841,-57.770252227783,-0.079735621810,-0.478241860867,-0.162054359913,7.898101329803
9.956000000000,0.297352135181,5.748626232147,5.746912002563,0.296807616949,0.294755935669,5.749931335449,0.372620552778,0.325000047684,-0.261253535748,0.861549973488,0.890540003777,0.374601542950,-1.072357177734,0.037071112543,0.448341906071,-0.997630476952,-0.883219838142,-0.018431190401
9.977000000000,0.309983491898,5.755202770233,5.753427982330,0.313802123070,0.309013038874,5.755885601044,0.370552718639,0.201008409262,0.281507790089,0.769196748734,0.351065725088,0.173693314195,-0.862899184227,-0.047696240246,-0.058266688138,-0.859864592552,-0.843868255615,-0.040372956544
10.006000000000,0.322560071945,5.758072376251,5.757368564606,0.328570336103,0.320902794600,5.758341312408,0.299030572176,0.030964631587,0.069909997284,0.686763882637,0.665914237499,0.030107537284,-0.797124028206,-0.023637158796,-0.023620819673,-0.814794540405,0.007852131501,-0.020453996956
10.026000000000,0.334829539061,5.759260654449,5.759011745453,0.342412203550,0.331677734852,5.759361743927,0.697083234787,0.047420568764,0.073269069195,0.699937641621,0.690144002438,0.039678156376,0.006313713733,0.005503287073,0.005616531707,-0.684582591057,0.037718061358,0.002610085765
10.046000000000,0.346879810095,5.759751319885,5.759647369385,0.355368375778,0.341835379601,5.759790897369,0.686877250671,0.031897366047,0.041310418397,0.697969317436,0.683219969273,0.027070412412,-0.013017961755,-0.005976731889,0.012937918305,-0.714775741100,0.012054231018,-0.008510266431
10.067000000000,0.358315736055,5.759954452515,5.759937286377,0.368339985609,0.351779222488,5.759966850281,0.679440975189,0.003973042127,0.021287482232,0.327587693930,0.670488893986,0.002127944725,0.010786093771,0.006200117059,0.008778393269,-0.721362650394,0.043453432620,0.003044776153
10.088000000000,0.369659841061,5.760068893433,5.760052204132,0.381483554840,0.362087994814,5.760063648224,0.698424220085,0.028968619183,0.034997608513,0.314437747002,0.343619555235,0.021104777232,0.032432850450,0.011552075855,0.015009351075,-0.808478116989,-0.709393262863,0.007462287787
10.096000000000,0.381223917007,5.760071754456,5.760041236877,0.394448846579,0.372880786657,5.760070323944,0.694853246212,0.009930727072,0.005048111081,0.700470447540,0.287275880575,0.006984216627,-0.825342953205,-0.007840386592,-0.004872308113,-0.911709427834,-0.797010183334,-0.008250651881
10.130000000000,0.391909420490,5.760006904602,5.760024070740,0.405953377485,0.383221179247,5.760012626648,0.182325094938,-0.050117194653,-0.041636690497,0.156647741795,0.614309906960,-0.040943253785,-0.917746782303,-0.017433425412,-0.016312135383,-0.940943479538,-0.016169784591,-0.015491776168
10.148000000000,0.402856022120,5.760012149811,5.760015964508,0.417939543724,0.392984688282,5.760018348694,0.645043969154,-0.018189376220,-0.016124345362,0.641154050827,0.628213226795,-0.014188045636,-0.876898288727,-0.027944501489,-0.009412302636,-0.911685168743,-0.044408436865,-0.025922676548
10.157000000000,0.497937709093,5.762957572937,5.762104988098,0.509015262127,0.484945833683,5.762993812561,4.671524047852,0.612414240837,0.786852002144,4.689630508423,0.951663017273,0.694025397301,-0.017762040719,-0.020930899307,-0.047917615622,-0.019721269608,-0.043721988797,-0.015925750136
10.190000000000,0.596872568130,5.778572559357,5.776659011841,0.607649743557,0.577739655972,5.776606082916,4.986754894257,0.592636168003,0.544427692890,4.982469558716,5.021392822266,0.561260521412,0.055061109364,0.034258000553,0.959838807583,0.066467873752,0.100471548736,0.906393885612
10.206000000000,0.696322143078,5.790276527405,5.787695407867,0.707083642483,0.677187025547,5.787632942200,4.971783638000,0.554331421852,0.552392184734,4.971567630768,4.972053050995,0.554323375225,0.056269489229,0.892421245575,0.897069692612,0.056696482003,0.055741649121,0.892676234245
10.235000000000,0.795741617680,5.801502704620,5.798930168152,0.806499421597,0.776611924171,5.798867702484,4.970304489136,0.568597555161,0.569544196129,4.970163822174,4.970563888550,0.569122552872,0.059259533882,0.864431858063,0.862501621246,0.059544373304,0.058735072613,0.863380610943
10.262000000000,0.895134985447,5.813047409058,5.810492038727,0.905889987946,0.876009762287,5.810422420502,4.969144344330,0.585126996040,0.585970759392,4.969034671783,4.969346523285,0.585637032986,0.061609305441,0.831426978111,0.829742074013,0.061832148582,0.061198905110,0.830405592918
10.270000000000,0.994508326054,5.824928760529,5.822390556335,1.005261182785,0.975386440754,5.822314262390,4.968286991119,0.602311313152,0.603156685829,4.968210697174,4.968430519104,0.602804243565,0.063354745507,0.797129571438,0.795436561108,0.063510566950,0.063062079251,0.796141684055
10.295000000000,1.093867778778,5.837161540985,5.834640026093,1.104619264603,1.074748039246,5.834556579590,4.967741012573,0.620182275772,0.621025621891,4.967699050903,4.967823982239,0.620655357838,0.064478524029,0.761454761028,0.759768247604,0.064566113055,0.064306803048,0.760506629944
10.318000000000,1.193219542503,5.849758625031,5.847254276276,1.203970313072,1.174100756645,5.847163200378,4.967511177063,0.638740122318,0.639581561089,4.967503547668,4.967532634735,0.639194309711,0.064969956875,0.724408984184,0.722725152969,0.064988829195,0.064920574427,0.723498523235
10.332000000000,1.292570114136,5.862734317780,5.860246658325,1.303320884705,1.273451089859,5.860147476196,4.967599391937,0.658003330231,0.658837735653,4.967626094818,4.967559814453,0.658435165882,0.064825043082,0.685954451561,0.684282958508,0.064775109291,0.064898192883,0.685088276863
10.362000000000,1.391913294792,5.876058578491,5.873609542847,1.402665019035,1.372792959213,5.873486518860,4.969351768494,0.660113573074,0.658926129341,4.968816280365,4.969403266907,0.659331738949,0.058326296508,0.678555130959,0.677430629730,0.058819461614,0.055044259876,0.679998934269
10.375000000000,1.491286635399,5.889120578766,5.886646270752,1.502039790154,1.472163081169,5.886549472809,4.968915939331,0.649695396423,0.650366604328,4.969028949738,4.968743324280,0.650098025799,0.062243610620,0.700593829155,0.699392259121,0.062010634691,0.062585003674,0.699807286263
10.392000000000,1.590673923492,5.902169704437,5.899710178375,1.601429104805,1.571546316147,5.899607181549,4.969826698303,0.656684815884,0.657385826111,4.969956874847,4.969603061676,0.657102525234,0.060453880578,0.687783956528,0.686390519142,0.060197092593,0.060895871371,0.686948657036
10.406000000000,1.690083026886,5.915448188782,5.913003444672,1.700841069221,1.670950293541,5.912893772125,4.971086025238,0.671307206154,0.672085642815,4.971246242523,4.970808029175,0.671720623970,0.057970002294,0.659071743488,0.657516598701,0.057651866227,0.058520119637,0.658243298531
10.439000000000,1.789514303207,5.929521560669,5.926486968994,1.800155401230,1.770309686661,5.927497386932,4.973853111267,0.675174832344,0.669664978981,4.972517013550,4.973903656006,0.675198137760,0.049593117088,0.656881153584,0.659272193909,0.052537158132,0.047197949141,0.655685305595
10.446000000000,1.888961315155,5.943448066711,5.939585685730,1.899398088455,1.869601249695,5.944711685181,5.008223533630,0.719618082047,0.696250081062,5.054551124573,5.107560157776,1.088492393494,0.100585781038,0.132352784276,0.763586401939,0.187581464648,0.259663313627,0.714214861393
10.466000000000,1.988426566124,5.959689140320,5.952692985535,1.998649597168,1.968879699707,5.961339473724,5.002369403839,0.669775485992,0.664182305336,5.018909931183,5.060919761658,0.650333344936,0.104656778276,0.124464713037,0.763812184334,0.190373077989,0.256169825792,0.764825940132
10.486000000000,2.087910890579,5.972865581512,5.965806961060,2.098034143448,2.068213224411,5.976079463959,4.961821079254,0.635120630264,0.643595159054,4.925318717957,4.921139240265,0.653540492058,0.005207415204,0.624822974205,0.622883975506,-0.069204322994,-0.074766986072,-0.106893368065
10.510000000000,2.187426328659,5.985845565796,5.978867530823,2.197391748428,2.167537927628,5.993063926697,4.961458206177,0.638400971889,0.642913162708,4.930272579193,4.926128864288,0.655359566212,-0.004148026463,0.623077929020,0.627703011036,-0.068168208003,-0.073363065720,-0.104886993766
10.539000000000,2.287005662918,6.000000000000,5.992129325867,2.296871185303,2.266991376877,6.010163784027,4.942644119263,0.939875185490,0.649968922138,4.918406486511,4.893016815186,0.648298382759,-0.056491848081,0.564118087292,0.572816908360,-0.110489733517,-0.157745853066,-0.151382029057
10.546000000000,2.386637926102,6.016038894653,6.005847930908,2.396445751190,2.366531610489,6.027225971222,4.943474769592,0.937493681908,0.624862611294,4.922731876373,4.904575347900,0.626747608185,-0.023992031813,0.641936838627,0.624165832996,-0.062937013805,-0.068201780319,-0.096579365432
10.566000000000,2.486440658569,6.032631397247,6.022032260895,2.496241569519,2.466344594955,6.044442176819,4.926752090454,0.937603473663,0.583172976971,4.925430297852,4.893282413483,0.632335126400,-0.111951768398,0.583665251732,-0.160370126367,-0.114365965128,-0.177389785647,-0.157115727663
10.586000000000,2.586231946945,6.049184799194,6.038490295410,2.596051216125,2.566108465195,6.061229228973,4.994320869446,1.026322245598,0.630731940269,5.007699966431,4.995265483856,1.031725645065,-0.001793518662,0.713346242905,-0.020999027416,0.024069242179,-0.002045628615,0.725689053535
10.606000000000,2.686069011688,6.065338611603,6.053384304047,2.695906639099,2.665914297104,6.077843189240,5.009292602539,1.033203363419,0.653920531273,5.012379646301,5.011188030243,1.034530162811,0.036843519658,0.753631889820,0.739079833031,0.039485700428,0.043941780925,0.749919176102
10.616000000000,2.785975933075,6.081885337830,6.068125247955,2.795796632767,2.765798091888,6.094470500946,5.012368202209,1.023762941360,1.029036879539,5.011784553528,5.012418746948,1.030426740646,0.012981523760,0.711132347584,0.745935857296,0.013191623613,0.015890650451,0.713977575302
10.648000000000,2.885989189148,6.098467826843,6.084637641907,2.895810604095,2.865797996521,6.111158847809,5.013469696045,1.021429300308,1.029215931892,5.011682510376,5.011052131653,1.030727863312,0.013760398142,0.717913687229,0.744703710079,0.008480300196,0.011886749417,0.717579483986
10.666000000000,2.986080408096,6.115159511566,6.101291656494,2.995902776718,2.965876102448,6.127950191498,5.013504981995,1.019906401634,1.027459740639,5.010738849640,5.008991241455,1.028892874718,0.002926731249,0.681761562824,0.704820930958,-0.003692273982,-0.003244359512,0.680860280991
10.686000000000,3.086095333099,6.131866931915,6.118035316467,3.095991849899,3.065924882889,6.144600868225,4.911999702454,0.937732815742,0.954997777939,4.956017494202,4.941672801971,0.647859334946,-0.208507508039,0.566204607487,0.557730317116,-0.128055199981,-0.147737219930,-0.163318529725
10.706000000000,3.186342477798,6.148557186127,6.135190963745,3.196259021759,3.166167736053,6.161908149719,4.978991508484,0.709188997746,1.006372332573,5.035188674927,4.983405590057,0.709201395512,-0.092268586159,-0.059419758618,0.554447948933,0.019828531891,-0.081171587110,-0.058256153017
10.728000000000,3.286671638489,6.165975570679,6.151643753052,3.296532392502,3.266491413116,6.179362773895,5.021105289459,0.728375554085,0.714057445526,5.028772354126,5.026516914368,0.726516187191,-0.024671610445,-0.034548375756,-0.045928541571,-0.016089005396,-0.008177650161,-0.050856705755
10.749000000000,3.387006521225,6.183507442474,6.169115066528,3.396873235703,3.366816043854,6.196964740753,5.024196147919,0.746576011181,0.735355138779,5.030319690704,5.031657695770,0.745209932327,-0.022909037769,-0.030679028481,-0.045119162649,-0.014116973616,-0.005558198318,-0.047384817153
10.767000000000,3.487391948700,6.201289176941,6.186861038208,3.497263669968,3.467190504074,6.214810848236,5.030663490295,0.779405474663,0.769473671913,5.035549640656,5.037868499756,0.778003573418,-0.019867403433,-0.027105249465,-0.040387306362,-0.011686155573,-0.003300394863,-0.041879802942
10.786000000000,3.587793827057,6.219359874725,6.204920768738,3.597694396973,3.567603588104,6.232927799225,5.028687477112,0.796741664410,0.795650720596,5.039520263672,5.040810585022,0.795227229595,-0.016172599047,-0.026066560298,-0.035389576107,-0.009092466906,-0.001309097745,-0.038591813296
10.806000000000,3.688307046890,6.237496376038,6.223357200623,3.698212862015,3.668084144592,6.250885486603,5.043273448944,0.827557384968,0.845345139503,5.044404506683,5.049960613251,0.829421579838,-0.006993443239,-0.027529394254,-0.026796497405,-0.004182974342,0.000927464338,-0.022819984704
10.827000000000,3.788891077042,6.255549430847,6.241646289825,3.798747539520,3.768656969070,6.268701553345,5.049544811249,0.843900561333,0.842498123646,5.063305854797,5.050321102142,0.842967450619,-0.002224006690,-0.015319770202,-0.026159297675,-0.002950518625,0.002391064540,-0.017302857712
10.846000000000,3.889455318451,6.273417949677,6.259787559509,3.899310588837,3.869212865829,0.003166310024,5.060092926025,0.854241490364,0.853031992912,5.061934471130,5.056980133057,0.853571414948,0.004072918557,-0.012814496644,-0.020359136164,0.001196758705,0.002548052231,-0.013218742795
10.870000000000,3.990046739578,0.007841109298,6.277758121490,3.999887228012,3.969802141190,0.020565863699,5.072989940643,0.873121559620,0.868747055531,5.024198055267,5.072831630707,0.873531579971,0.009296021424,0.062333863229,-0.024372136220,-0.021395308897,0.008483711630,0.019683534279
10.886000000000,4.090633392334,0.025657551363,0.012749981135,4.100532531738,4.070396423340,0.038152702153,5.076832294464,0.885051071644,0.893407404423,5.091596126556,5.057287693024,0.884017825127,0.008425690234,0.000413786271,-0.017608894035,0.002508829813,0.002016757149,0.003541354556
10.908000000000,4.191337585449,0.043210450560,0.030455857515,4.201223850250,4.171041488647,0.055317796767,5.094613552094,0.896137952805,0.913746476173,5.100455284119,5.059816837311,0.898820996284,0.015811434016,-0.003235357348,-0.007976972498,0.006576974876,0.001986089395,0.009435003623
10.921000000000,4.292038917542,0.060646552593,0.047781921923,4.301904678345,4.271716117859,0.072437688708,5.064985752106,0.877108097076,0.881688714027,5.093710899353,5.056581974030,0.876564741135,0.022221419960,0.006618357729,-0.068883128464,0.008776684292,0.003835211042,0.017922362313
10.946000000000,4.392727375031,0.077698320150,0.064671345055,4.402583122253,4.372353076935,0.089230418205,5.002168178558,0.874066948891,0.797937512398,5.016235828400,4.996232509613,0.741257250309,-0.175691828132,-0.223434999585,-0.196687385440,-0.174367770553,-0.151718899608,-0.262979418039
10.970000000000,4.493473529816,0.094228439033,0.081357628107,4.503273487091,4.473074913025,0.105390220881,5.091588973999,0.878668487072,0.887759387493,5.063547134399,5.069707870483,0.881122589111,0.029488127679,0.002563301707,-0.007684579585,0.015075610019,0.003142677946,0.022121261805
11.001000000000,4.594143867493,0.110642060637,0.098125144839,4.603907585144,4.573751926422,0.121516063809,5.084562301636,0.902995288372,0.908149898052,5.067564010620,5.069230079651,0.904920518398,0.034603223205,0.015152523294,-0.005329741631,0.017762659118,0.003919785842,0.037871342152
11.007000000000,4.694713115692,0.127034768462,0.115034706891,4.704491138458,4.674391746521,0.137732043862,4.872196197510,0.640439748764,0.705064177513,4.982297897339,4.966519832611,0.863010823727,-0.265609174967,-0.460131555796,-0.404491782188,-0.007617950439,-0.215002059937,-0.052743438631
11.041000000000,4.795571804047,0.144083023071,0.131637424231,4.805206298828,4.775143146515,0.153999000788,5.167278766632,0.901096642017,0.916029632092,5.098514080048,5.085541725159,0.909571528435,0.270778059959,0.128408446908,0.103065557778,0.044742487371,0.072726920247,-0.307515084743
11.046000000000,4.896230220795,0.160123884678,0.147633686662,4.905829906464,4.875780582428,0.169648870826,5.070414066315,0.867231786251,0.887584865093,5.088188171387,5.052163600922,0.866292178631,0.040279921144,0.016936084256,0.002220930764,0.021113790572,0.008409267291,0.054398559034
11.066000000000,4.996956348419,0.176298335195,0.163090705872,5.006471157074,4.976425647736,0.184478968382,5.074385166168,0.862969636917,0.884690284729,5.087713241577,5.051120758057,0.862922430038,0.044207565486,0.021185338497,0.005783142056,0.024502865970,0.010661327280,0.064652860165
11.091000000000,5.097516059875,0.190675333142,0.177993819118,5.106942653656,5.077027797699,0.199071556330,4.898365974426,0.545310080051,0.578415572643,4.972162246704,4.963874340057,0.825520455837,-0.299777388573,-0.584712684155,-0.631499290466,-0.149258121848,-0.170053198934,-0.130522981286
11.106000000000,5.198267936707,0.206171050668,0.193599432707,5.207534790039,5.177698135376,0.213604643941,5.077170848846,0.852844238281,0.880423843861,4.999153614044,5.076836109161,0.854659497738,0.026703340933,-0.608005583286,-0.053591355681,-0.161248102784,0.047970682383,-0.615661382675
11.126000000000,5.298731327057,0.221684098244,0.208253026009,5.307930469513,5.276531696320,0.227269992232,4.905310153961,0.501535117626,0.526489198208,4.965466022491,4.720934391022,0.793006837368,-0.278855800629,-0.621471762657,-0.691918551922,-0.150497630239,-0.169706001878,-0.132565975189
11.146000000000,5.384102344513,0.237832963467,0.222321823239,5.393983840942,5.364991188049,0.240237697959,3.792696952820,0.783783733845,0.795632302761,3.702353715897,3.985657930374,0.775580704212,-0.025342166424,-0.549992203712,-0.061924237758,-0.052560262382,-0.002607374452,0.010242138058
11.166000000000,5.459997177124,0.251492410898,0.236357674003,5.468297958374,5.444489002228,0.252934336662,3.763461589813,0.484424352646,0.779851734638,3.679097890854,3.955793857574,0.455055743456,-0.051705274731,-0.588376700878,-0.552146852016,0.024982554838,-0.074572324753,-0.604726910591
11.186000000000,5.526143074036,0.264739155769,0.249950528145,5.532857418060,5.513835430145,0.265706688166,3.125187873840,0.778834223747,0.551082134247,3.061006546021,3.253010272980,0.504925012589,0.149779751897,0.101192772388,-0.537220478058,0.099353097379,0.072467878461,-0.525075435638
11.196000000000,5.571852684021,0.278249889612,0.263258188963,5.580887317657,5.561858654022,0.277931511402,2.024441957474,0.774488031864,0.800659716129,2.463245630264,2.091093778610,0.493132859468,0.111291773617,0.072948463261,0.073216356337,0.060697961599,0.069154381752,-0.547792255878
11.226000000000,5.609825134277,0.292932927608,0.276245146990,5.619831085205,5.601882934570,0.289120972157,1.525086164474,0.722948849201,0.427505373955,1.469819664955,1.605971574783,0.380313634872,-0.687020123005,-0.646237969398,-0.673278570175,-0.773002564907,-0.750742614269,-0.614126503468
11.237000000000,5.639902114868,0.307599514723,0.289284169674,5.649245262146,5.634543418884,0.300284564495,1.251517653465,0.745600879192,0.781267464161,1.484963536263,1.637017250061,0.400078266859,-0.062923736870,-0.711835205555,-0.706575334072,-0.015792153776,-0.061591230333,-0.649085402489
11.268000000000,5.737556934357,0.320182412863,0.302114754915,5.671671867371,5.659582138062,0.310320824385,12.471624374390,0.317143529654,0.284048706293,0.314069837332,0.932415962219,0.262745857239,-7.478410243988,0.090346701443,-1.086602091789,-0.327375918627,0.224011629820,0.265934139490
11.278000000000,5.770812988281,0.332090914249,0.315152794123,5.771163940430,5.755128383636,0.321103990078,-0.495799839497,0.704062998295,0.776628375053,-0.202264055610,6.259240150452,0.357673197985,0.011765358970,-0.709836244583,-0.900763273239,-0.169753536582,-3.897294044495,-0.219813972712
11.307000000000,5.764163970947,0.345171272755,0.326876580715,5.764850616455,5.768215656281,0.331692516804,-0.172659203410,0.691430270672,0.701668679714,-0.226051524282,-0.328328788280,0.361135244370,0.021212190390,-0.696770489216,0.004932568874,0.020026879385,0.008527068421,-0.629262447357
11.327000000000,5.761612415314,0.358335793018,0.337815314531,5.761856555939,5.763245582581,0.341628015041,-0.102698720992,0.651184558868,0.343977868557,-0.096298530698,-0.179690256715,0.632647335529,-0.021868251264,-0.736468374729,-0.734252035618,-0.009431885555,-0.011443006806,-0.054091516882
11.346000000000,5.760637760162,0.371730059385,0.349102169275,5.760759830475,5.761263370514,0.351308047771,-0.055486623198,0.660712242126,0.304992675781,-0.042535785586,-0.083458788693,0.639564514160,-0.015194292180,-0.791081428528,-0.796589136124,-0.014492602088,-0.010113476776,0.005675559863
11.366000000000,5.760273456573,0.385239839554,0.360600292683,5.760327339172,5.760514259338,0.360812336206,-0.034619837999,0.662518322468,0.270213037729,-0.020627442747,-0.044015817344,0.640442907810,-0.017002806067,-0.834933340549,-0.870931446552,-0.015712236986,-0.013913909905,0.004878577776
11.386000000000,5.760143280029,0.398642271757,0.372469812632,5.760155677795,5.760231018066,0.370002895594,-0.028604064137,0.650521516800,0.274612128735,-0.012641539797,-0.031108267605,0.625638484955,-0.012408362702,-0.840544521809,-0.858062624931,-0.012649199925,-0.010696375743,0.009051426314
11.406000000000,5.760131359100,0.424846559763,0.396755069494,5.760144233704,5.760161399841,0.378919124603,-0.013349052519,4.992255687714,4.992509841919,-0.008960107341,-0.013322580606,0.250215888023,-0.011675433256,0.039400026202,0.034873437136,-0.015033236705,-0.011343614198,-0.660302460194
11.426000000000,5.768968582153,0.524799287319,0.496783882380,5.774027824402,5.773959636688,0.461155086756,0.999822676182,4.999996662140,5.000029087067,0.999803900719,0.999815702438,5.000005722046,0.000352129224,0.000018923163,-0.000052881649,0.000390119792,0.000366532273,0.000008468105
11.446000000000,5.788322925568,0.623400092125,0.595351278782,5.792632102966,5.792811870575,0.550733208656,0.796325743198,4.968134880066,4.976443290710,0.732332766056,0.778036117554,4.954587936401,0.343640863895,0.028529621661,-0.011891043745,0.504953086376,0.398347258568,-0.080968573689
11.467000000000,5.802343368530,0.722842156887,0.694776654243,5.806295871735,5.806773185730,0.650182366371,0.656256973743,4.971008777618,4.971462726593,0.656575441360,0.655209362507,4.972046375275,0.682717502117,0.057853590697,0.056996915489,0.682136893272,0.684939801693,0.055788513273
11.486000000000,5.815155982971,0.822250664234,0.794192910194,5.819087028503,5.819571018219,0.749610900879,0.631586313248,4.969906330109,4.970238685608,0.630253076553,0.630969822407,4.970838069916,0.735712349415,0.060076545924,0.059406727552,0.738501310349,0.736959278584,0.058196421713
11.509000000000,5.827748775482,0.921637773514,0.893585979939,5.831662654877,5.832152366638,0.849014818668,0.630500674248,4.968897342682,4.969166755676,0.629782795906,0.629972934723,4.969646453857,0.739576697350,0.062114946544,0.061569184065,0.741042137146,0.740637958050,0.060597162694
11.528000000000,5.840453147888,1.021007180214,0.992959916592,5.844356060028,5.844846248627,0.948397099972,0.640681505203,4.968140125275,4.968328475952,0.640191555023,0.640192866325,4.968679428101,0.719963848591,0.063657321036,0.063273020089,0.720961332321,0.720943748951,0.062557257712
11.547000000000,5.853421211243,1.120364546776,1.092320084572,5.857318878174,5.857804298401,1.047762989998,0.655960500240,4.967679977417,4.967782020569,0.655823588371,0.655478775501,4.967996120453,0.689769208431,0.064608760178,0.064396373928,0.690057694912,0.690734386444,0.063953526318
11.567000000000,5.866698265076,1.219701647758,1.191642880440,5.870608806610,5.871090888977,1.147076606750,0.646208584309,4.953211784363,4.937806129456,0.659721076488,0.664536416531,4.925831317902,0.653894186020,0.064932614565,0.064897730947,0.654005169868,0.654820501804,0.064735352993
11.586000000000,5.880210399628,1.319061875343,1.291014432907,5.883683204651,5.884187221527,1.246494174004,0.650921344757,4.967841625214,4.967788696289,0.647814691067,0.649808883667,4.967646121979,0.697231769562,0.064329132438,0.064440228045,0.704216539860,0.699763298035,0.064696051180
11.606000000000,5.893221378326,1.418422222137,1.390372395515,5.896677494049,5.897186279297,1.345848560333,0.653114259243,4.968250274658,4.968077182770,0.652970850468,0.652651429176,4.967852592468,0.694708108902,0.063556216657,0.063893727958,0.695021629333,0.695641219616,0.064330816269
11.628000000000,5.906410217285,1.517794370651,1.489740252495,5.909866809845,5.910366058350,1.445210456848,0.666105628014,4.968997955322,4.968744754791,0.666266500950,0.665673613548,4.968383312225,0.669339835644,0.062095291913,0.062593176961,0.669059991837,0.670208215714,0.063302166760
11.646000000000,5.919909954071,1.617184996605,1.589124798775,5.923372745514,5.923857212067,1.544586658478,0.683557391167,4.970077037811,4.969736099243,0.683883070946,0.683146536350,4.969245910645,0.634767770767,0.059968978167,0.060641735792,0.634123265743,0.635591328144,0.061609487981
11.669000000000,5.933786392212,1.716600537300,1.688532590866,5.937256336212,5.937725543976,1.643983244896,0.703386843204,4.971460819244,4.971039295197,0.703774988651,0.702993333340,4.970418930054,0.595288276672,0.057230599225,0.058065809309,0.594516277313,0.596077024937,0.059293884784
11.688000000000,5.948075294495,1.816046595573,1.787969589233,5.951554298401,5.952006816864,1.743406414986,0.724674582481,4.973130226135,4.972631454468,0.725112140179,0.724300920963,4.971886157990,0.552835822105,0.053919345140,0.054909393191,0.551964163780,0.553585112095,0.056387867779
11.706000000000,5.962632656097,1.915523886681,1.887435197830,5.966100215912,5.966556072235,1.842855334282,0.726548254490,4.976001262665,4.975164890289,0.724519848824,0.725927114487,4.974382877350,0.544598102570,0.047889731824,0.050636604428,0.548805177212,0.546179234982,0.052303411067
11.726000000000,5.977063655853,2.015058517456,1.986957669258,5.980514526367,5.980977535248,1.942358613014,0.720729291439,4.977612018585,4.976974010468,0.720577061176,0.720291316509,4.975973129272,0.558948397636,0.044976942241,0.046243567020,0.559310376644,0.559831321239,0.048240017146
11.746000000000,5.993006229401,2.114574432373,2.086458683014,5.995697021484,5.996571063995,2.041780233383,0.943535685539,4.950281143188,4.922477245331,0.675415515900,0.672146618366,4.892710685730,0.529396235943,-0.025149632245,-0.080280259252,0.543025493622,-0.127509340644,-0.138140141964
11.768000000000,6.009602069855,2.214131832123,2.185959339142,6.010089874268,6.013606548309,2.141234874725,0.661127686501,4.973377227783,4.941953182220,0.655338644981,0.662463486195,4.957222461700,-0.049887657166,0.016042634845,-0.045047376305,0.643198788166,-0.054716207087,-0.007864172570
11.788000000000,6.025766372681,2.313725709915,2.285433769226,6.023389339447,6.029886245728,2.240688323975,0.660318613052,4.940141677856,4.908889293671,0.657944917679,0.671213269234,4.889337539673,0.518339097500,-0.065017491579,-0.100329406559,0.559954047203,-0.147537991405,-0.166385471821
11.810000000000,6.042093753815,2.413444995880,2.385109424591,6.037577152252,6.046287536621,2.340362548828,0.769515693188,5.023820400238,5.057909488678,0.751347482204,1.066089510918,5.057394504547,-0.003378788242,0.004849782679,0.016722839326,-0.014384966344,0.612445533276,0.004922781605
11.826000000000,6.058005332947,2.513087987900,2.484669208527,6.052990913391,6.062303543091,2.439854621887,0.677667200565,4.947905063629,4.928267478943,0.687836527824,0.689668893814,4.920343875885,0.501984298229,-0.012910677120,-0.034158460796,0.505128681660,-0.061199914664,-0.027158876881
11.846000000000,6.074368476868,2.612951755524,2.584505796432,6.068110942841,6.078771591187,2.539664030075,0.758836209774,5.050012588501,5.062601566315,0.754982233047,1.067995667458,5.064735412598,-0.000514867948,0.006948193070,0.015400974080,-0.011728333309,0.622432887554,0.007678089198
11.866000000000,6.090617656708,2.712715864182,2.684224367142,6.084150791168,6.094835758209,2.639332532883,1.001870512962,4.997403144836,4.994755744934,1.006810307503,0.692635178566,4.997396469116,0.627592444420,0.129307359457,0.134475842118,0.600480616093,0.613238394260,0.154012545943
11.886000000000,6.106757640839,2.812602519989,2.784090280533,6.100459575653,6.111385822296,2.739157199860,0.702333867550,4.933805942535,4.940365314484,0.718311846256,0.710777103901,4.931946754456,0.442002892494,-0.140929490328,-0.125495404005,0.442404508591,-0.135771304369,-0.131399273872
11.897000000000,6.124008655548,2.912642717361,2.884099483490,6.116960048676,6.128704071045,2.839147806168,1.018089056015,5.010089397430,5.005847930908,1.015581130981,1.020981669426,5.008419036865,0.498281091452,-0.001632168889,-0.023107830435,0.506984412670,0.497812181711,0.002615992445
11.920000000000,6.141189575195,3.012694120407,2.984146356583,6.133440494537,6.145970344543,2.939163208008,0.742775201797,4.929544925690,4.955376148224,0.769382536411,0.750070869923,4.947359085083,0.364336967468,-0.192941784859,-0.137367993593,0.341419219971,-0.141885191202,-0.142561465502
11.948000000000,6.158671855927,3.112862825394,3.084248781204,6.150537967682,6.163142681122,3.039298295975,1.014165401459,5.028587341309,4.980438709259,0.793729007244,1.011289596558,5.023099899292,0.424505650997,-0.113131277263,-0.124586291611,-0.111397437751,0.426429092884,-0.070985421538
11.980000000000,6.176555156708,3.213088989258,3.184442281723,6.167211532593,6.181069850922,3.139491558075,1.018676757812,5.017140388489,4.999831199646,0.783011555672,1.021438837051,5.010742664337,0.450272798538,-0.029160751030,-0.010371755809,0.455199271441,0.447931885719,-0.037313040346
11.986000000000,6.194637775421,3.313409090042,3.284709215164,6.184133052826,6.199180126190,3.239765405655,1.017172455788,5.017346382141,4.998054981232,0.805865883827,1.019349694252,5.010848999023,0.399942398071,-0.045124690980,-0.017734235153,0.406238108873,0.398542106152,-0.054634310305
12.007000000000,6.213003158569,3.413782835007,3.385028600693,6.201491832733,6.217542648315,3.340094566345,1.014771819115,5.016312122345,4.996221542358,0.838128626347,1.010789155960,5.010655403137,0.329454034567,-0.064633533359,-0.024516988546,0.335569769144,0.318406343460,-0.072390526533
12.026000000000,6.231397628784,3.514212369919,3.485459566116,6.219498634338,6.236026763916,3.440472602844,0.979173183441,4.998736858368,4.997591972351,0.996966660023,0.968288958073,4.998770236969,0.163481160998,-0.197642758489,-0.202720090747,0.206211730838,0.155743643641,-0.084331832826
12.046000000000,6.249747276306,3.614633798599,3.585911273956,6.237462997437,6.253906250000,3.540901422501,0.856737136841,4.900800704956,4.995442390442,0.914130687714,0.855914235115,4.968092918396,0.031484778970,-0.248247474432,-0.195602700114,0.091961577535,-0.140108555555,-0.097466737032
12.066000000000,6.268023967743,3.715273618698,3.686405181885,6.255347251892,6.272078514099,3.641468763351,0.877355694771,5.065320491791,5.027222156525,0.872436642647,0.877081394196,5.061116218567,-0.013871915638,-0.000604356115,0.002948251087,-0.013551021926,-0.012502770871,-0.000241611851
12.086000000000,0.002784270793,3.815852880478,3.786958217621,6.273132324219,0.006815134548,3.741985082626,0.914872348309,4.994688034058,4.995832443237,0.908434689045,0.874321818352,4.998917102814,0.048475675285,-0.136449769139,-0.205031588674,0.010943884961,-0.026244109496,-0.071092419326
12.106000000000,0.020505875349,3.916437149048,3.887500762939,0.007976427674,0.024485869333,3.842553138733,0.854395806789,4.994099617004,4.997369766235,0.916039645672,0.874618113041,4.998938560486,-0.086697272956,-0.118391320109,-0.114849105477,0.017962422222,-0.040881175548,-0.112680643797
12.127000000000,0.038025226444,4.017030239105,3.988107919693,0.025843841955,0.041907645762,3.943130016327,0.853294968605,4.992544651031,4.996566772461,0.883574724197,0.845243573189,4.999089241028,-0.085877068341,-0.109849162400,-0.101625695825,-0.074083715677,-0.099785074592,-0.114783637226
12.146000000000,0.055312424898,4.117737293243,4.088810920715,0.043589506298,0.059398517013,4.043787956238,0.884780585766,4.994044780731,5.116268157959,0.884333193302,0.889218211174,4.988547325134,-0.023301333189,-0.125637218356,0.108979552984,-0.063193991780,-0.068187832832,-0.144419267774
12.170000000000,0.072132833302,4.218459606171,4.189417362213,0.060905110091,0.076103761792,4.144484996796,0.881365060806,5.074214935303,5.063286781311,0.879671096802,0.881787657738,5.065100193024,0.003626757534,0.026475869119,0.012662287802,-0.023533923551,0.015438281931,0.002566865180
12.186000000000,0.088756293058,4.319103717804,4.290061473846,0.077710278332,0.092611044645,4.245121479034,0.885645985603,5.079804420471,5.070484161377,0.889578700066,0.886601150036,5.065735340118,0.005666244309,0.029651120305,0.013468525372,-0.017366817221,0.017560696229,0.002839991823
12.206000000000,0.105022557080,4.419749259949,4.390707969666,0.094339691103,0.108730360866,4.345765113831,0.893874347210,5.083399772644,5.073348999023,0.902745962143,0.895260512829,5.066356658936,0.011260366999,0.037669885904,0.017170002684,-0.010885619558,0.025614952669,0.003651704639
12.226000000000,0.121084466577,4.520366668701,4.491348266602,0.110804177821,0.124611854553,4.446407794952,0.891272008419,5.078567028046,5.072307109833,0.908069074154,0.891511082649,5.066328525543,0.014925020747,0.040129613131,0.019047409296,-0.006271670572,0.026722874492,0.003616420785
12.247000000000,0.136697262526,4.621156692505,4.592041969299,0.127280429006,0.140489414334,4.547149658203,0.619522213936,4.975360393524,4.945391654968,0.853745698929,0.863368391991,5.058817863464,-0.511152327061,-0.169862166047,-0.236964657903,-0.169905140996,-0.108987957239,-0.008890725672
12.268000000000,0.152039557695,4.721949100494,4.692769527435,0.143235608935,0.156180635095,4.647862911224,0.621012985706,4.975988388062,4.944576740265,0.825467109680,0.850073039532,5.055883884430,-0.484769523144,-0.166979104280,-0.232038155198,-0.164040446281,-0.104219041765,-0.010802169330
12.286000000000,0.167032718658,4.822747707367,4.793498039246,0.158844694495,0.171536415815,4.748572349548,0.596439003944,4.976313114166,4.944831848145,0.820357203484,0.841259896755,5.052402973175,-0.515524387360,-0.162219911814,-0.226977974176,-0.162683337927,-0.103135734797,-0.013751936145
12.297000000000,0.181761577725,4.923554420471,4.894226074219,0.174229294062,0.186516866088,4.849278926849,0.547256231308,4.976435661316,4.945091724396,0.823620915413,0.839991688728,5.047861576080,-0.611427187920,-0.154608339071,-0.220349073410,-0.159185051918,-0.098980985582,-0.017037374899
12.326000000000,0.196115851402,5.024382114410,4.994962692261,0.189155668020,0.201163575053,4.949987888336,0.524069190025,4.976598262787,4.945633888245,0.828265130520,0.842592775822,5.042541027069,-0.662601113319,-0.147895649076,-0.212324738503,-0.156832486391,-0.096927650273,-0.021283255890
12.336000000000,0.210392877460,5.125184535980,5.095686912537,0.204051360488,0.215754002333,5.050681114197,0.514819860458,4.962984561920,4.943089008331,0.832024276257,0.834993720055,5.033129692078,-0.671011626720,-0.143409535289,-0.206819295883,-0.155739277601,-0.099320195615,-0.026376310736
12.373000000000,0.224759891629,5.225892066956,5.196292400360,0.218652054667,0.229600206017,5.151303768158,0.862992823124,5.067934989929,5.060575485229,0.894023358822,0.868134558201,5.052456378937,0.026164699346,0.057136222720,0.037812538445,-0.052879404277,0.051125369966,0.017860591412
12.387000000000,0.238336265087,5.326389789581,5.296738147736,0.232732936740,0.243037462234,5.251806259155,0.850888311863,5.062215805054,5.056248664856,0.880779802799,0.855679452419,5.049522399902,0.024755818769,0.053485214710,0.037859264761,-0.000027722383,0.050478402525,0.019757470116
12.407000000000,0.251575648785,5.413893222809,5.390182495117,0.246459126472,0.256159782410,5.351920604706,0.851555287838,3.641798019409,4.683324337006,0.875304877758,0.861782371998,5.042257785797,0.045491162688,0.112841531634,0.070202022791,0.039223924279,0.101644441485,0.052115023136
12.430000000000,0.264488369226,5.485285282135,5.467178344727,0.259888410568,0.268929004669,5.440435886383,0.837889015675,3.607015132904,3.840868473053,0.872249186039,0.843393504620,4.203152656555,0.027671484277,0.052595686167,0.042169570923,0.003640343435,0.055257100612,0.026097467169
12.447000000000,0.277298301458,5.548092842102,5.534183502197,0.273310929537,0.281535804272,5.518266201019,0.836657702923,2.874445199966,3.068180322647,0.872206747532,0.838417232037,3.374536514282,0.029484957457,0.054690465331,0.045809008181,0.006404394750,0.060570053756,0.030717497692
12.467000000000,0.289891272783,5.596277236938,5.581719398499,0.286434084177,0.294015049934,5.574388027191,0.839798986912,1.786193370819,1.893485188484,0.875708639622,0.844228863716,2.018651723862,0.032124161720,0.055710010231,0.048894826323,0.009157868102,0.064521349967,0.033912312239
12.476000000000,0.302673220634,5.631366252899,5.618976593018,0.299349248409,0.306231111288,5.612476348877,0.832024931908,1.742092013359,1.837249636650,0.867836058140,0.821877837181,1.533056139946,-0.918245315552,0.021550185978,0.010996626690,-0.017849523574,0.040138214827,0.015981018543
12.506000000000,0.318398058414,5.656893730164,5.644205093384,0.311675071716,0.317870318890,5.637704849243,0.762956500053,1.057482361794,1.166754722595,0.406968742609,0.361221641302,1.208203077316,-0.801443397999,-0.017055138946,-0.002825813601,-0.843537628651,-0.788997828960,-0.024948723614
12.526000000000,0.333257317543,5.678093433380,5.667352676392,0.323144525290,0.328716605902,5.662013530731,0.729385435581,1.058778882027,1.167359471321,0.386378139257,0.341949760914,1.209520697594,-0.731732249260,-0.011319371872,0.002617863938,-0.796634912491,-0.752809882164,-0.020418984815
12.537000000000,0.343816637993,5.767957210541,5.771573543549,0.337170571089,0.337902843952,5.771869182587,0.730829775333,0.874192357063,0.187416940928,0.676440834999,0.347776442766,0.385661870241,-0.768652558327,-0.770221054554,-0.429163157940,-0.637946903706,-0.017804820091,-0.564339578152
12.566000000000,0.358584553003,5.765186309814,5.765569210052,0.351354986429,0.346283316612,5.766177177429,0.666625916958,-0.251387894154,-0.278819590807,0.701398670673,0.335168600082,-0.301680713892,-0.713152825832,0.037105131894,0.038216393441,-0.772027075291,-0.623331129551,0.038166970015
12.587000000000,0.371664404869,5.761943340302,5.762135028839,0.364648580551,0.358877122402,5.762315273285,0.639673411846,-0.099045425653,-0.106206685305,0.636324882507,0.636799752712,-0.117558151484,-0.743073284626,0.002982067410,0.002532643499,-0.666960120201,-0.669473946095,0.004906597547
12.606000000000,0.384101003408,5.760734081268,5.760807037354,0.377000391483,0.371263772249,5.760875225067,0.608822524548,-0.035111110657,-0.039737179875,0.607207655907,0.606904804707,-0.042108520865,-0.723162949085,-0.005138337612,-0.004433788825,-0.651523232460,-0.635853528976,-0.004439300857
12.616000000000,0.396071970463,5.760314464569,5.760331630707,0.389029234648,0.383221685886,5.760362148285,0.586338639259,-0.015559311956,-0.016669262201,0.588868260384,0.585347175598,-0.018035389483,-0.719960331917,-0.006575977895,-0.006876566447,-0.706606686115,-0.634833693504,-0.006237702910
12.646000000000,0.407369256020,5.760076522827,5.760089397430,0.400203496218,0.394462555647,5.760101318359,0.541009306908,-0.004414477386,-0.007058835588,0.541085422039,0.539729773998,-0.005332477856,-0.628361284733,-0.007269353140,-0.006243061740,-0.605070590973,-0.583409428596,-0.007333687507
12.676000000000,0.471828848124,5.760638713837,5.760605812073,0.464720278978,0.459117293358,5.768251895905,4.999972343445,-0.000112786998,-0.000324720459,4.999809265137,4.999986648560,0.999930620193,0.000084890577,0.000223212803,0.000649051159,0.000471162522,0.000082260041,0.000137587384
12.686000000000,0.569778561592,5.763621330261,5.764904975891,0.562933027744,0.552877247334,5.780233860016,4.972248554230,0.996770083904,0.412189513445,4.975093364716,4.959815979004,0.445860743523,0.172287434340,1.038962841034,1.141723513603,0.054875157773,0.184535726905,1.104650855064
12.706000000000,0.669337630272,5.777057647705,5.773705005646,0.662235021591,0.652524054050,5.790132045746,4.981616020203,0.484748125076,0.478314489126,4.981925010681,5.017671108246,0.454622507095,0.060669243336,0.026524433866,1.088481903076,0.068651996553,0.107994981110,1.131903529167
12.726000000000,0.768808007240,5.791290760040,5.783571720123,0.761711895466,0.752222657204,5.799826145172,4.967575550079,0.985228180885,0.480694234371,4.964970111847,4.942088127136,0.484877854586,0.073631152511,0.909785032272,1.010767459869,0.063182383776,0.102423220873,1.004090666771
12.746000000000,0.868274092674,5.805242061615,5.793817043304,0.861173450947,0.852019727230,5.810009479523,4.961983203888,0.558677315712,0.514527440071,4.966594696045,4.945754051208,0.512560486794,0.040713343769,0.913512229919,0.958729147911,0.044696263969,-0.046056456864,0.968536436558
12.766000000000,0.967713057995,5.819789886475,5.804380416870,0.960604906082,0.951768517494,5.820500850677,4.978429317474,0.560940265656,0.539022564888,4.976791858673,5.024847984314,0.534872889519,0.068456791341,0.031189424917,0.970412373543,0.072937853634,0.125095546246,0.971002876759
12.787000000000,1.067105054855,5.834470748901,5.815259456635,1.059997797012,1.051348328590,5.831324577332,4.965136051178,0.983938872814,0.533463358879,4.963030815125,4.935688018799,0.533338963985,0.078971549869,0.824033975601,0.902300357819,0.071879230440,0.118038132787,0.904955923557
12.808000000000,1.166501760483,5.848991394043,5.826550960541,1.159396886826,1.151028513908,5.842561244965,4.960125923157,0.603665709496,0.569169580936,4.963131904602,4.938995361328,0.567932665348,0.044906433672,0.805808544159,0.846059679985,0.046855069697,-0.057168554515,0.853017449379
12.826000000000,1.265895724297,5.864095211029,5.838215351105,1.258789777756,1.250674605370,5.854176998138,4.977882862091,0.618340015411,0.599155783653,4.977236747742,5.030730247498,0.595929861069,0.070997536182,0.033890604973,0.857463657856,0.074785798788,0.132512629032,0.857613980770
12.846000000000,1.365271687508,5.879321098328,5.850332260132,1.358168840408,1.350201249123,5.866229534149,4.964781284332,0.983330845833,0.595563948154,4.962505817413,4.933928489685,0.594335973263,0.079721309245,0.768457412720,0.774168908596,0.075178384781,0.124520353973,0.781199276447
12.866000000000,1.464681982994,5.894239425659,5.862678527832,1.457571625710,1.449875354767,5.878458499908,4.960920810699,0.613001465797,0.610357344151,4.962316513062,4.938076972961,0.606510519981,0.040525611490,0.737776100636,0.757878124714,0.039355695248,-0.064444161952,0.773175954819
12.886000000000,1.564083099365,5.908697605133,5.874973773956,1.556983709335,1.549428701401,5.890748023987,4.969102859497,0.620156884193,0.609243810177,4.969344615936,4.968771934509,0.620808601379,0.061700157821,0.761145472527,0.785069584846,0.061511095613,0.062397509813,0.760179102421
12.906000000000,1.663478374481,5.921256542206,5.887564182281,1.656381726265,1.648819208145,5.903346061707,4.970551967621,0.638175308704,0.643653094769,4.970438957214,4.970344066620,0.640514969826,0.059046097100,0.726169407368,0.715048789978,0.059259783477,0.059459462762,0.721471428871
12.926000000000,1.762905120850,5.934273719788,5.900678157806,1.755806207657,1.748241305351,5.916408538818,4.972106456757,0.661924242973,0.666516602039,4.971996307373,4.971857070923,0.664109110832,0.055956143886,0.678425610065,0.669229269028,0.056174252182,0.056450635195,0.674045681953
12.946000000000,1.862381339073,5.948068141937,5.914247512817,1.855269551277,1.847746610641,5.930667877197,5.007012367249,0.726566970348,0.719588100910,5.055016517639,5.110177040100,1.091732740402,0.109280332923,0.169660642743,0.716852903366,0.233775407076,0.308748632669,0.700992345810
12.966000000000,1.961839199066,5.963620185852,5.927443504333,1.954483151436,1.946987509727,5.947741031647,4.991496562958,0.672354698181,0.674885511398,5.034996509552,5.037508487701,1.051011800766,0.074555262923,0.760972142220,0.740262985229,0.167936131358,0.168878227472,0.714757144451
12.979000000000,2.061314105988,5.976461410522,5.940332889557,2.053776979446,2.046270608902,5.963523864746,4.977781772614,0.661104798317,0.657299816608,4.977553367615,4.977435112000,0.661329686642,0.044329147786,0.682536005974,0.689915418625,0.045273825526,0.044945366681,0.682333767414
13.008000000000,2.160803556442,5.989525318146,5.953577518463,2.153088331223,2.145554780960,5.979799270630,4.961624622345,0.641432046890,0.651934683323,4.928071498871,4.925266265869,0.661004185677,-0.001228102366,0.617078721523,0.609761536121,-0.067338943481,-0.073028862476,-0.104592509568
13.028000000000,2.260383844376,6.005805492401,5.966841697693,2.252541065216,2.245016813278,5.996834278107,4.944755077362,0.939876079559,0.622207820415,4.916801452637,4.893613338470,0.621632575989,-0.048885256052,0.624277651310,0.624165236950,-0.103779248893,-0.150232851505,-0.143991768360
13.047000000000,2.360011577606,6.021869659424,5.979614734650,2.352061748505,2.344544172287,6.013654232025,4.942264080048,0.939647853374,0.610452890396,4.919332027435,4.899895668030,0.610184550285,-0.062483761460,0.649501264095,0.649494588375,-0.107995472848,-0.146332725883,-0.145259201527
13.067000000000,2.459682941437,6.037923812866,5.992389202118,2.451662302017,2.444138526917,6.030465126038,4.940048694611,0.940011858940,0.617937624454,4.922726154327,4.907129287720,0.618112683296,-0.077371768653,0.635272622108,0.636428236961,-0.111522071064,-0.142261117697,-0.145822122693
13.091000000000,2.559443712234,6.053870201111,6.005846023560,2.551387786865,2.543860912323,6.047467231750,4.936118602753,0.942130804062,0.636654973030,4.926728725433,4.912747383118,0.643533706665,-0.116034902632,0.585422933102,0.605763375759,-0.144733175635,-0.171388670802,-0.171000540257
13.106000000000,2.659280300140,6.070133686066,6.021148204803,2.651208400726,2.643670797348,6.063887119293,4.977844715118,0.634633660316,0.636028885841,4.974589824677,4.972554206848,0.639108419418,-0.022055720910,-0.049936305732,-0.057960044593,-0.023609397933,-0.028376869857,-0.057286009192
13.126000000000,2.759179592133,6.086574077606,6.037638664246,2.751097440720,2.743552207947,6.080466747284,4.985199928284,0.624533534050,0.621409416199,4.985198497772,4.983508110046,0.627338528633,-0.025583995506,-0.046684432775,-0.058264195919,-0.024865521118,-0.027138739824,-0.061861332506
13.150000000000,2.859147071838,6.103014469147,6.053345203400,2.851065874100,2.843512296677,6.097043037415,4.994572639465,0.639129102230,0.634567201138,5.004837512970,4.994761943817,0.640336930752,-0.029148783535,-0.044280473143,0.712277770042,-0.022717021406,-0.025083815679,-0.060455154628
13.174000000000,2.959240674973,6.119626998901,6.069527149200,2.951114654541,2.943599700928,6.113778114319,5.001491546631,0.650077879429,0.629692137241,5.003690719604,5.003631114960,0.650243222713,-0.028149118647,-0.037595424801,-0.059394851327,-0.023281158879,-0.019949812442,-0.062488656491
13.188000000000,3.059395551682,6.136372566223,6.086207866669,3.051247358322,3.043746232986,6.130656719208,5.003618240356,0.666464447975,0.649436056614,5.006448268890,5.008451461792,0.667227506638,-0.027510952204,-0.035300102085,-0.056028779596,-0.020974887535,-0.015629265457,-0.059395097196
13.206000000000,3.159696817398,6.153298854828,6.103233814240,3.151478290558,3.144032239914,6.147888183594,5.046706199646,1.027832508087,0.677465140820,4.991321563721,5.041253566742,1.033047914505,0.046391338110,0.635786950588,-0.017389263958,-0.064409464598,0.037526812404,0.636705756187
13.226000000000,3.259978055954,6.170385837555,6.120165348053,3.251692533493,3.244346380234,6.165042400360,5.053940296173,1.027496337891,0.696006536484,4.988811969757,5.047833919525,1.031660318375,0.049848102033,0.607818305492,-0.014838620089,-0.078588031232,0.039444055408,0.608053922653
13.246000000000,3.360315799713,6.187700748444,6.137341499329,3.351950407028,3.344721794128,6.182413101196,5.063420772552,1.026559352875,0.720976531506,4.985246658325,5.057240486145,1.030275940895,0.052265781909,0.551905632019,-0.016497610137,-0.094653263688,0.041426114738,0.552145659924
13.266000000000,3.460687875748,6.205287456512,6.154248237610,3.452315568924,3.445094347000,6.200076103210,5.010998725891,1.015236854553,1.021965622902,5.006493091583,5.001997947693,1.025878906250,-0.058281704783,0.488672465086,0.528106689453,-0.077080234885,-0.071828737855,0.492760777473
13.286000000000,3.561105489731,6.223125934601,6.171983718872,3.552728652954,3.545505046844,6.218004226685,5.009555339813,1.011417388916,1.020256876945,5.005501270294,5.001075744629,1.022018671036,-0.067589275539,0.427217781544,0.463404327631,-0.078519478440,-0.082944706082,0.431477844715
13.306000000000,3.661614894867,6.240897655487,6.190171718597,3.653275728226,3.646008253098,6.236046314240,4.971739292145,0.801850855350,1.014563202858,5.072385787964,4.975769996643,0.801586389542,-0.153933122754,-0.052779819816,0.403316080570,0.045561760664,-0.144407644868,-0.059095323086
13.329000000000,3.762226343155,6.258834362030,6.208414554596,3.753745317459,3.746631622314,6.254081726074,4.972663879395,0.815018713474,1.013439536095,5.077533721924,4.975394725800,0.815968930721,-0.160214245319,-0.050438750535,0.358396112919,0.049535665661,-0.153713405132,-0.049523852766
13.350000000000,3.862888097763,6.276810169220,6.226919651031,3.854251146317,3.847290992737,6.272106170654,4.974872112274,0.839663803577,1.014800667763,5.083492279053,4.975111484528,0.841031670570,-0.162959799170,-0.048521175981,0.301434159279,0.054442804307,-0.160956338048,-0.043294638395
13.369000000000,3.963562250137,0.011417897418,6.245239734650,3.954807281494,3.947959661484,0.006734335795,5.064231395721,0.864184916019,0.855702698231,5.052464008331,5.063940048218,0.862538754940,0.001678488217,-0.015865622088,-0.023666923866,-0.000384590647,0.002540634945,-0.021667711437
13.386000000000,4.064179420471,0.029077423736,6.263752460480,4.055418491364,4.048563003540,0.024412935600,5.113209247589,0.894039869308,0.892865657806,5.066698074341,5.075313568115,0.893043398857,0.033729638904,0.005618240684,-0.010345968418,0.004184735008,0.009127627127,0.020132467151
13.396000000000,4.164734363556,0.046481128782,6.282056331635,4.156038761139,4.149164676666,0.041907772422,4.980698585510,0.835888981819,0.923171758652,4.997953414917,4.994848728180,0.861906051636,-0.072066657245,-0.058401733637,0.069680042565,-0.110760018229,-0.115012899041,-0.046118665487
13.426000000000,4.265381336212,0.063538894057,0.016745746136,4.256677150726,4.249824523926,0.058863423765,4.994477748871,0.810604095459,0.897592425346,4.998250484467,4.999121189117,0.809589147568,-0.069728940725,-0.102012619376,0.017045136541,-0.038085177541,-0.137804016471,-0.083671383560
13.447000000000,4.366145133972,0.080657266080,0.034438759089,4.357355594635,4.350543022156,0.075547896326,5.039454460144,0.782600522041,0.867899417877,4.982139110565,5.049217700958,0.777703225613,-0.094705127180,-0.182521522045,-0.057334139943,-0.040797535330,-0.144275143743,-0.164820507169
13.466000000000,4.466936588287,0.097518272698,0.051832679659,4.458156108856,4.451239585876,0.092261172831,5.075993061066,0.889484405518,0.875611901283,5.065899372101,5.066236019135,0.889965295792,0.031535666436,0.014673105441,-0.011730298400,0.015208254568,0.003686783602,0.028475349769
13.486000000000,4.567617416382,0.113468669355,0.068570882082,4.558794975281,4.551918983459,0.108345054090,5.080375671387,0.889833867550,0.885351002216,5.071170330048,5.065407752991,0.891093313694,0.036221496761,0.023562451825,-0.006067231297,0.017658129334,0.004534851760,0.040072854608
13.507000000000,4.668287277222,0.129186809063,0.085177555680,4.659430503845,4.652599334717,0.124145373702,5.062267780304,0.875592172146,0.893436551094,5.066159248352,5.061480522156,0.875565707684,0.041402548552,0.018980458379,-0.001893824083,0.021379737183,0.005326037761,0.046274930239
13.516000000000,4.768966197968,0.144562795758,0.101608157158,4.760032176971,4.753275394440,0.139354959130,5.078283786774,0.871402323246,0.900818228722,5.070559978485,5.062124252319,0.874001085758,0.042128000408,0.014566243626,0.001557906391,0.021890003234,0.006820715498,0.060160215944
13.536000000000,4.869635581970,0.159532651305,0.117733910680,4.860608100891,4.853949069977,0.154296368361,5.079809188843,0.875393509865,0.907783150673,5.069336414337,5.060937404633,0.878816306591,0.047733101994,0.016815593466,0.007655099500,0.025968534872,0.008989658207,0.068242095411
13.567000000000,4.970287322998,0.174186334014,0.133472993970,4.961153030396,4.954607486725,0.168818861246,5.076101779938,0.878512203693,0.886966347694,5.066786766052,5.057622432709,0.882009923458,0.049475807697,0.025642048568,0.004264100920,0.028056928888,0.011145810597,0.068288080394
13.586000000000,5.070874214172,0.188784778118,0.148791059852,5.061659336090,5.055200576782,0.183251321316,5.073389053345,0.875031173229,0.882737398148,5.063570499420,5.055691242218,0.878329396248,0.049909103662,0.027319313958,0.005582300015,0.029685964808,0.013300497085,0.065054379404
13.606000000000,5.171467304230,0.203164845705,0.163988679647,5.162158489227,5.155777454376,0.197443947196,5.069901466370,0.877579569817,0.891384124756,5.060424327850,5.053083419800,0.880439937115,0.050693076104,0.027747668326,0.007724762894,0.031635016203,0.015984440222,0.070248730481
13.632000000000,5.270757198334,0.217430621386,0.179052144289,5.262647628784,5.256335735321,0.211591973901,4.871634483337,0.884922504425,0.907828867435,5.053733348846,5.046739101410,0.884206354618,0.054246298969,0.027289081365,0.013699149713,0.035649463534,0.020285470411,0.077323816717
13.646000000000,5.365108966827,0.231437981129,0.193855479360,5.360240459442,5.354136943817,0.225462198257,4.069028377533,0.858803868294,0.892168223858,4.122960567474,4.169520854950,0.864524900913,0.048117585480,0.016981415451,0.009101214819,0.033504534513,0.020537646487,0.034275088459
13.666000000000,5.445654392242,0.244922250509,0.208276048303,5.441981792450,5.437010288239,0.238781243563,4.057069778442,0.855790436268,0.901305794716,4.116271495819,4.162443637848,0.860093235970,0.052237346768,0.018841750920,0.017596323043,0.037544313818,0.026016030461,0.091187477112
13.676000000000,5.511424064636,0.257933467627,0.222286894917,5.508485317230,5.504579544067,0.251946985722,3.153344154358,0.406961441040,0.506221652031,3.231367826462,3.274987936020,0.799495041370,-0.203557699919,-0.800927519798,-0.707550764084,-0.123968362808,-0.139900639653,-0.095278725028
13.707000000000,5.554831027985,0.270188361406,0.235544234514,5.552291870117,5.549162387848,0.264577835798,1.957450628281,0.386648207903,0.458893060684,2.016265392303,2.042193889618,0.768854856491,-0.194097667933,-0.781972944736,-0.761602818966,-0.123072713614,-0.137101620436,-0.099324665964
13.728000000000,5.595849990845,0.282339960337,0.248841524124,5.593316555023,5.591287612915,0.277231037617,1.955077767372,0.365760117769,0.454597622156,1.649082303047,2.038394212723,0.766835331917,-0.185725972056,-0.835165798664,-0.786804735661,-0.838705420494,-0.135100290179,-0.096872732043
13.746000000000,5.634373664856,0.296295553446,0.261951118708,5.627523422241,5.626831054688,0.289450436831,1.607960224152,0.368898689747,0.435780376196,1.659974694252,1.675883293152,0.739971697330,-0.106555387378,-0.783189058304,-0.774762213230,-0.034867715091,-0.090034224093,-0.018172180280
13.766000000000,5.661947250366,0.311920017004,0.274766713381,5.657269954681,5.657111167908,0.301099300385,0.984236538410,0.744425475597,0.420918166637,1.354402899742,1.346353650093,0.714793622494,-0.108493112028,-0.748503446579,-0.811776161194,-0.041702341288,-0.091205537319,-0.022238267586
13.786000000000,5.731211185455,0.325490057468,0.287415474653,5.681257724762,5.681563377380,0.311590075493,13.392378807068,0.311944901943,0.310187757015,1.018219590187,0.991066277027,0.282528489828,-7.909255504608,0.113535158336,-1.377779603004,0.234217017889,0.245795294642,0.414619773626
13.797000000000,5.769450664520,0.337155699730,0.301516145468,5.714584827423,5.736192226410,0.322093367577,-0.204117938876,0.430093824863,0.506489455700,17.529378890991,11.251604080200,1.160846590996,-0.063084200025,0.024179408327,-1.252604007721,34.300823211670,-6.538456439972,0.278220027685
13.826000000000,5.763546466827,0.350015163422,0.314373522997,5.767631530762,5.767421722412,0.332287639380,-0.161012127995,0.731029391289,0.772533833981,-0.256628304720,-0.274476855993,0.338976323605,0.028190299869,-0.808573842049,0.033138584346,-0.035569053143,-0.006798404735,-0.720878839493
13.846000000000,5.761388778687,0.364036172628,0.325331777334,5.763095378876,5.763002395630,0.342165052891,-0.045916080475,0.703700006008,0.765030920506,-0.139354690909,-0.128721222281,0.315755546093,0.017286388204,-0.791498899460,0.001370132202,0.014115024358,0.022102225572,-0.694780945778
13.872000000000,5.760532855988,0.377826422453,0.336806416512,5.761220932007,5.761148452759,0.351686358452,-0.010459691286,0.704705119133,0.747857749462,-0.042298763990,-0.044840712100,0.282589018345,-0.012117369100,-0.815866351128,-0.819981157780,-0.004083374515,-0.008874340914,-0.760902941227
13.888000000000,5.760259151459,0.391623437405,0.348336279392,5.760532379150,5.760485172272,0.361147582531,0.013824797235,0.701498568058,0.737740993500,-0.012569659390,-0.001738001360,0.303900569677,0.006686158013,-0.839824318886,0.030690658838,-0.001512654126,0.006107415538,-0.720422387123
13.907000000000,5.760109901428,0.405120611191,0.360090702772,5.760207653046,5.760197639465,0.370255172253,0.002032495802,0.673845291138,0.714143514633,-0.000911085866,-0.004293606151,0.266884982586,0.007419218775,-0.846383392811,-0.804136335850,0.001122380956,0.004865183495,-0.710187911987
13.927000000000,5.760051727295,0.418370664120,0.371932834387,5.760097503662,5.760086059570,0.379119127989,0.008027972654,0.663088321686,0.700292408466,0.005555985961,0.004050742835,0.239530980587,0.005478161853,-0.870422124863,-0.811976373196,0.000206562821,0.002793253632,-0.749998092651
13.948000000000,5.759315013885,0.532605350018,0.381823182106,5.759399414062,5.759500026703,0.387891262770,-0.102993950248,2.927215337753,0.223082974553,-0.120084725320,-0.082344271243,0.441206485033,0.027297720313,-2.151584386826,-0.474646478891,0.055812399834,0.016916410998,0.085868164897
13.970000000000,5.760768413544,0.539618730545,0.390690058470,5.761069774628,5.760677814484,0.404204934835,0.286006450653,1.144400477409,0.927560329437,0.305650442839,0.224568665028,4.982096195221,-0.217487499118,-0.860769033432,-1.351393818855,-0.238657191396,-0.175252914429,-0.460586577654
13.977000000000,5.769381523132,0.545228421688,0.486581236124,5.773841857910,5.761725425720,0.504550039768,1.340778708458,-0.950640857220,5.000886440277,1.312054395676,0.008531657048,4.995626449585,-0.841937303543,0.016046291217,0.004969364498,-0.923902869225,-0.087282963097,0.011601270176
14.006000000000,5.786295413971,0.582180142403,0.583639979362,5.788497924805,5.773536205292,0.601862430573,0.426713943481,4.985033988953,4.983156204224,0.417732357979,0.401417762041,5.011204242706,0.002768570557,0.040699165314,0.053903885186,1.179207444191,1.247388482094,0.072537370026
14.016000000000,5.800663948059,0.681686103344,0.683143675327,5.797051906586,5.782676219940,0.701539754868,0.989014029503,4.967310428619,4.968766689301,0.440419822931,0.462767302990,4.943814277649,0.778176605701,0.063248142600,0.052615646273,1.092285394669,1.054040312767,0.080004714429
14.046000000000,5.814761638641,0.781156957150,0.782585918903,5.806509494781,5.792301177979,0.801248073578,0.620537400246,4.966524600983,4.971738338470,0.482376307249,0.490873903036,4.956476688385,0.962728142738,0.043463137001,0.054124571383,1.030133724213,1.013035297394,-0.023108813912
14.066000000000,5.829499244690,0.880591392517,0.882002711296,5.816462516785,5.802402973175,0.900896549225,0.542414724827,4.976505756378,4.972060203552,0.511701881886,0.518175721169,5.013842105865,0.028800368309,0.067482382059,0.068459339440,1.021140694618,1.003717422485,0.119644403458
14.076000000000,5.843670368195,0.979974925518,0.981345593929,5.826877117157,5.813880920410,1.000417351723,0.617482125759,4.977284908295,5.041894912720,0.570534706116,1.036081075668,5.021759986877,0.927141427994,0.060297764838,0.017000088468,0.933212459087,0.939627408981,-0.060356888920
14.107000000000,5.858058929443,1.079328417778,1.080558896065,5.837604045868,5.824752330780,1.099804043770,0.982045710087,4.966815948486,4.964630126953,0.535865306854,0.542428374290,4.935685157776,0.847980022430,0.076507955790,0.061387829483,0.895545005798,0.887494564056,0.112269781530
14.126000000000,5.872527599335,1.178693056107,1.179931998253,5.849032402039,5.836212158203,1.199376583099,0.659276843071,4.961034774780,4.967321872711,0.584849655628,0.584346532822,4.937697410583,0.768484354019,0.050111521035,0.057865694165,0.815290570259,0.812720000744,-0.070067413151
14.146000000000,5.887490272522,1.278062820435,1.279311180115,5.861021041870,5.848142147064,1.299000620842,0.625101745129,4.973512649536,4.972114086151,0.608568072319,0.605553030968,5.022332191467,0.036875098944,0.066459842026,0.072107747197,0.836908638477,0.831763386726,0.131035640836
14.156000000000,5.902655601501,1.377427577972,1.378677368164,5.873261928558,5.860332489014,1.398498415947,0.981386661530,4.966748714447,4.963484764099,0.598518610001,0.603151917458,4.934024810791,0.752204656601,0.074178591371,0.067415021360,0.763139545918,0.764542102814,0.107324816287
14.187000000000,5.917263031006,1.476759076118,1.477805137634,5.885316371918,5.874141693115,1.497845649719,0.589457511902,4.961251735687,4.949242591858,0.587537229061,0.599842131138,4.930873394012,0.777608752251,0.047333940864,-0.014599872753,0.787620902061,0.749017357826,-0.108211532235
14.211000000000,5.932277679443,1.576173663139,1.577223777771,5.897255420685,5.886178970337,1.597478270531,0.622477054596,4.977618217468,4.977706909180,0.610941529274,0.612090528011,5.026434421539,0.036152109504,0.065850108862,0.071762397885,0.839275181293,0.822395145893,0.126870244741
14.229000000000,5.947422981262,1.675589561462,1.676643013954,5.909497737885,5.898471355438,1.696994423866,0.981615424156,4.967452526093,4.964544296265,0.600281298161,0.607090651989,4.938026428223,0.752209842205,0.070970252156,0.066356688738,0.758867442608,0.755209863186,0.107392966747
14.237000000000,5.962867736816,1.775057554245,1.776112318039,5.922210693359,5.911969184875,1.796656489372,0.700032830238,4.998910427094,5.042965412140,0.692760527134,1.068818926811,5.087912559509,0.016852188855,0.070745959878,0.036009188741,0.745225727558,0.749624431133,0.108001120389
14.268000000000,5.977906227112,1.874495387077,1.875359892845,5.934964179993,5.925649642944,1.896023273468,0.625378906727,4.953361034393,4.890239238739,0.623805582523,0.640239000320,4.887421607971,0.601862311363,0.031684540212,-0.057329323143,0.626154780388,-0.063029900193,-0.026403209195
14.286000000000,5.993490219116,1.973977446556,1.974713563919,5.947890281677,5.940288066864,1.995484471321,0.994195759296,4.972334384918,4.986261367798,0.632850170135,0.641000628471,4.961748123169,0.730575561523,0.105134353042,0.208084300160,0.725881278515,0.700671374798,0.240352034569
14.297000000000,6.009674072266,2.073469161987,2.074054956436,5.961403369904,5.955677032471,2.094915151596,0.662243604660,4.996616840363,5.012573242188,0.671949684620,0.660941183567,5.037194252014,0.145484641194,0.116682402790,0.212767660618,0.740078270435,0.738110840321,0.265861660242
14.317000000000,6.025676250458,2.172981262207,2.173446178436,5.974494934082,5.970814228058,2.194303989410,0.985097050667,4.968731403351,4.967154502869,0.631725549698,0.634566545486,4.949167251587,0.685632944107,0.011635695584,0.011513734236,0.696199476719,0.699166774750,-0.030864687636
14.347000000000,6.042047977448,2.272532939911,2.272914409637,5.987739086151,5.985258579254,2.293757438660,0.925202846527,4.920351028442,4.912288665771,0.599542915821,0.618150055408,4.863407135010,0.601023197174,-0.072072774172,-0.068231701851,-0.121780745685,-0.124359771609,-0.157273977995
14.366000000000,6.057803630829,2.372219562531,2.372541427612,6.002401351929,6.000873088837,2.393439054489,1.024559140205,5.005829811096,5.006828784943,1.015730381012,1.018766641617,5.013125896454,0.674266815186,-0.056722294539,-0.078349567950,0.684373259544,0.665368974209,-0.131236135960
14.390000000000,6.073164463043,2.471895217896,2.472204923630,6.017035007477,6.017314434052,2.493083000183,0.685635983944,5.030117034912,5.062579154968,0.690644621849,1.070849061012,5.060194015503,0.115979783237,0.097133763134,0.148264616728,0.103996030986,0.738835871220,0.151653140783
14.407000000000,6.089614868164,2.571612596512,2.571883440018,6.031782627106,6.034002780914,2.592759609222,1.026000857353,5.006694316864,5.013775825500,0.661351382732,1.029503941536,5.011840820312,0.736525237560,0.061753075570,0.061941515654,0.722859621048,0.711692154408,0.072928309441
14.428000000000,6.106218338013,2.671439170837,2.671695470810,6.046669006348,6.050806522369,2.692584753036,1.024705290794,5.008815765381,5.011689186096,0.674078643322,1.028169035912,5.011380195618,0.705480158329,0.053262695670,0.054399274290,0.692746996880,0.680139422417,0.057394009084
14.462000000000,6.122807025909,2.771314859390,2.771557331085,6.061858654022,6.067240715027,2.792468309402,1.021673917770,5.012220859528,5.008285045624,1.017124772072,1.026501059532,5.012072086334,0.685923874378,0.011359503493,-0.004817923065,0.686486005783,0.673087775707,0.009976933710
14.466000000000,6.139512538910,2.871269941330,2.871508359909,6.076768398285,6.084109783173,2.892444133759,1.020616173744,5.012507438660,5.007421016693,1.016187548637,1.025265693665,5.010253906250,0.659646213055,0.001651951578,-0.025945076719,0.657023906708,0.648186266422,-0.000338021637
14.487000000000,6.156098842621,2.971337080002,2.971571445465,6.092420101166,6.101250171661,2.992535829544,1.019793987274,5.012681961060,5.006601810455,1.015718102455,1.023880600929,5.008633136749,0.629486680031,-0.001535895630,-0.039957530797,0.608184635639,0.611901104450,-0.005234098993
14.506000000000,6.173228740692,3.071492910385,3.071696758270,6.108645439148,6.118506908417,3.092712163925,1.020880341530,5.012299537659,5.006250858307,1.019661426544,1.022664308548,5.006883621216,0.586992621422,-0.023313194513,-0.035933300853,0.593731641769,0.573797345161,-0.031953435391
14.526000000000,6.190571308136,3.171696901321,3.171901226044,6.125932693481,6.135934352875,3.192929744720,1.019354820251,5.012315750122,5.005857467651,1.017762899399,1.021047115326,5.005676746368,0.551050484180,-0.021801814437,-0.035752225667,0.557465612888,0.538220286369,-0.037357352674
14.547000000000,6.207992076874,3.271958827972,3.272119760513,6.143071651459,6.153442859650,3.293229341507,1.021710872650,5.047502040863,4.970119953156,0.737312614918,1.021920442581,5.045159339905,0.534716069698,0.020185248926,-0.101940110326,-0.010579936206,0.522004425526,0.014167786576
14.568000000000,6.225642681122,3.372280359268,3.372446537018,6.160092353821,6.171152114868,3.393572807312,1.016950488091,5.011799335480,5.005134582520,1.018189907074,1.019115567207,5.003602027893,0.480618774891,-0.038367073983,-0.044172562659,0.510541141033,0.478677362204,-0.063105277717
14.586000000000,6.243483543396,3.472685337067,3.472857952118,6.177942276001,6.189115047455,3.493973493576,0.996240377426,5.010015010834,5.003981113434,1.014938354492,1.016887187958,5.002437114716,0.397969901562,-0.059846278280,-0.068590037525,0.441692501307,0.429705113173,-0.078273482621
14.606000000000,6.261087894440,3.573113203049,3.573288202286,6.195991992950,6.207224369049,3.594411611557,0.965056478977,5.008365154266,5.003232002258,1.012660980225,1.014526605606,5.001581192017,0.297562837601,-0.072918437421,-0.082851342857,0.394272923470,0.387607604265,-0.088455677032
14.633000000000,6.278711795807,3.673583030701,3.673759937286,6.214315414429,6.225580692291,3.694891214371,0.933035731316,5.005877017975,5.002264499664,1.010078191757,1.011329650879,5.000802516937,0.175959825516,-0.085873499513,-0.093474090099,0.325476378202,0.324614942074,-0.097935929894
14.647000000000,0.013162020594,3.774126291275,3.774230957031,6.232692718506,6.244075775146,3.795464754105,0.915006935596,5.069469928741,4.951889514923,0.841682970524,1.000539183617,5.071015834808,0.100977145135,0.014309926890,-0.170312464237,-0.016050672159,0.266533911228,0.012258456089
14.666000000000,0.030702954158,3.874726057053,3.874813556671,6.250612258911,6.262556552887,3.896054267883,0.841987729073,5.009831428528,4.984460353851,0.881368219852,0.923585116863,5.015808582306,-0.099197052419,-0.234101921320,-0.169581308961,0.115645527840,0.074226558208,-0.157265469432
14.686000000000,0.047912035137,3.975320577621,3.975428819656,6.268937587738,6.280583858490,3.996643304825,0.839227199554,4.995006084442,4.998045444489,0.926046431065,0.891749739647,4.999139785767,-0.093705713749,-0.135232970119,-0.108512260020,0.060963980854,0.015527511016,-0.126821309328
14.707000000000,0.064790792763,4.075927734375,4.076042175293,0.003783658380,0.015099595301,4.097256660461,0.779763400555,4.991941452026,4.996776580811,0.892537117004,0.858904361725,4.998967170715,-0.211695238948,-0.137905165553,-0.125242739916,-0.010197973810,-0.048372171819,-0.127147614956
14.727000000000,0.081473007798,4.176555156708,4.176671028137,0.021625453606,0.032585594803,4.197885990143,0.778766334057,4.990761280060,4.996168136597,0.891079306602,0.857788324356,4.998954772949,-0.233475580812,-0.145194515586,-0.133335113525,-0.038913995028,-0.070716291666,-0.129275023937
14.747000000000,0.097805514932,4.277198314667,4.277305126190,0.039177224040,0.049710411578,4.298551559448,0.750226795673,4.989270210266,4.995429515839,0.864618122578,0.828721582890,4.998871326447,-0.273597300053,-0.143039658666,-0.139951005578,-0.074771910906,-0.111323252320,-0.125864326954
14.756000000000,0.113934457302,4.377841949463,4.377948760986,0.056372202933,0.066591538489,4.399195194244,0.721579015255,4.986943244934,4.994378566742,0.831989407539,0.796405017376,4.998614311218,-0.328642278910,-0.153809323907,-0.140796780586,-0.123681321740,-0.168000862002,-0.131099402905
14.787000000000,0.129609629512,4.478518486023,4.478626728058,0.073136396706,0.082989618182,4.499841213226,0.666060149670,4.982217311859,4.991915225983,0.770991921425,0.736446917057,4.998006820679,-0.433119922876,-0.163121894002,-0.145643785596,-0.267395168543,-0.280787050724,-0.130223557353
14.806000000000,0.145109489560,4.579152584076,4.579260826111,0.089821062982,0.099213674664,4.600471973419,0.665846168995,4.982510089874,4.991787910461,0.771147310734,0.736878097057,4.997807979584,-0.429324716330,-0.160698771477,-0.142589107156,-0.267021089792,-0.277447670698,-0.129346489906
14.826000000000,0.160371825099,4.679771900177,4.679880619049,0.106266871095,0.115185558796,4.701087474823,0.638338088989,4.980043411255,4.990210056305,0.741416573524,0.707154273987,4.997102737427,-0.494140446186,-0.162596896291,-0.142437174916,-0.341514647007,-0.346055001020,-0.127268254757
14.836000000000,0.175457030535,4.780365467072,4.780470848083,0.122563377023,0.130947709084,4.801693916321,0.611440002918,4.976420879364,4.988113880157,0.690897405148,0.653580605984,4.995944976807,-0.536127865314,-0.188239201903,-0.129675865173,-0.453161895275,-0.442980945110,-0.145323693752
14.866000000000,0.190105244517,4.880957126617,4.881050586700,0.138294130564,0.146220952272,4.902270317078,0.560548305511,4.975907325745,4.986937999725,0.659619390965,0.623496890068,4.995095252991,-0.625251054764,-0.161314308643,-0.137042671442,-0.469472259283,-0.484362810850,-0.119283169508
14.886000000000,0.204522848129,4.981537818909,4.981621742249,0.153803855181,0.161300018430,5.002815723419,0.560721933842,4.976875782013,4.986734390259,0.659549891949,0.623687028885,4.994453907013,-0.621298551559,-0.150896862149,-0.130848377943,-0.469439089298,-0.479280441999,-0.113829880953
14.906000000000,0.219063416123,5.082162857056,5.082209587097,0.169140979648,0.176136314869,5.103360652924,0.535111725330,4.974101066589,4.984172344208,0.605301439762,0.571065008640,4.992604732513,-0.667467951775,-0.147289082408,-0.125669673085,-0.603564679623,-0.580116093159,-0.108409322798
14.926000000000,0.232955083251,5.182712554932,5.182704925537,0.184261932969,0.190678849816,5.203865528107,0.511214077473,4.974992752075,4.983734130859,0.605473101139,0.571197450161,4.991580963135,-0.709033906460,-0.137804880738,-0.119794294238,-0.602671205997,-0.573779404163,-0.101994939148
14.946000000000,0.246655970812,5.281601905823,5.283193588257,0.199174210429,0.205010771751,5.304356098175,0.486214190722,4.696020126343,4.982040882111,0.578808724880,0.544685602188,4.989809513092,-0.764598190784,-0.128917559981,-0.113192483783,-0.664010465145,-0.629831075668,-0.095700681210
14.956000000000,0.260054975748,5.376604080200,5.378944873810,0.213855385780,0.219072282314,5.397161006927,0.463166564703,4.695791244507,4.702530384064,0.558995485306,0.521677553654,4.536670207977,-0.790434956551,-0.131166845560,-0.110966786742,-0.704223871231,-0.661812961102,-0.093377679586
14.976000000000,0.272908478975,5.452354907990,5.454398632050,0.227856919169,0.232577547431,5.469288825989,0.418762952089,3.109576940536,3.095595359802,0.506949245930,0.472239971161,2.953548192978,-0.816527843475,-0.111810445786,-0.097942277789,-0.705901384354,-0.689126729965,-0.083090178668
15.023000000000,0.285379946232,5.503771305084,5.514682292938,0.241382494569,0.245658382773,5.518986225128,0.397153615952,2.489574193954,2.477239370346,0.483321070671,0.449618667364,2.362144231796,-0.829253137112,-0.107701219618,-0.095706932247,-0.744423091412,-0.702925026417,-0.080762334168
15.027000000000,0.297734886408,5.554568767548,5.565085411072,0.254907578230,0.258672416210,5.566915512085,0.396780937910,2.489800691605,2.476567983627,0.482746809721,0.448699712753,2.361242294312,-0.856103241444,-0.097257770598,-0.088676072657,-0.762611329556,-0.726623713970,-0.075357869267
15.046000000000,0.310917586088,5.601947784424,5.611463069916,0.268556535244,0.271703183651,5.611557483673,0.376321494579,2.069379091263,1.982791185379,0.482814162970,0.449563115835,1.953664422035,-0.887671351433,-0.091587021947,-0.083699993789,-0.785611450672,-0.719839215279,-0.071933753788
15.072000000000,0.322829008102,5.637221813202,5.644920825958,0.281740456820,0.284252882004,5.644661903381,0.354728579521,1.652185082436,1.568391680717,0.436252683401,0.404148876667,1.559602022171,-0.924936354160,-0.080095991492,-0.078195691109,-0.877855181694,-0.796907186508,-0.065050005913
15.088000000000,0.334813892841,5.670112609863,5.676022052765,0.295029520988,0.296895802021,5.675517082214,0.331931978464,1.261130213737,1.185322642326,0.411392182112,0.377133756876,1.190997838974,-1.003317594528,-0.137622714043,-0.122219786048,-0.959423243999,-0.882106721401,-0.105386108160
15.106000000000,0.348052322865,5.691526889801,5.744324207306,0.308100640774,0.309865593910,5.699973583221,0.266071379185,0.948917508125,8.904632568359,0.753876864910,0.806159496307,1.177947163582,0.064642898738,0.141545414925,-5.356729030609,0.067255370319,0.243211954832,0.098714210093
15.116000000000,0.361334800720,5.768367290497,5.767753124237,0.320938408375,0.319928854704,5.768570899963,0.792002439499,0.433751225471,-0.275318473577,0.807493031025,0.446012765169,-0.165699481964,0.081144459546,-0.455028116703,0.009341915138,0.011084971949,-0.672892570496,-0.086394675076
15.149000000000,0.373142689466,5.764584541321,5.763022899628,0.332553654909,0.331340312958,5.763691425323,0.759634077549,-0.205020055175,-0.152085050941,0.817779541016,0.378387987614,-0.167656406760,-0.896478176117,0.029332105070,0.020955225453,-0.022939601913,-0.730835735798,0.024654991925
15.166000000000,0.387822449207,5.761765480042,5.761158943176,0.343797236681,0.341969609261,5.761415958405,0.738878190517,-0.054116815329,-0.026945265010,0.796245574951,0.378389358521,-0.043581493199,-0.901012480259,0.017340736464,0.002135115908,-0.039408572018,-0.720013976097,0.013284209184
15.186000000000,0.402254402637,5.760701179504,5.760451793671,0.354734569788,0.352312296629,5.760562896729,0.719983279705,-0.015528448857,-0.011937143281,0.769818305969,0.345556765795,-0.012403422967,-0.900800883770,0.013094212860,-0.000029706825,-0.041086614132,-0.714418113232,0.009896848351
15.200000000000,0.416219532490,5.760283946991,5.760182380676,0.365214258432,0.362145513296,5.760231018066,0.703280150890,0.005971034057,0.002405879786,0.750977039337,0.309915065765,0.004905414302,-0.915100336075,0.011244310066,-0.001838076860,-0.079502478242,-0.747676968575,0.008339928463
15.229000000000,0.530709505081,5.759374141693,5.759401321411,0.374267578125,0.371544152498,5.759526252747,3.015218496323,-0.070600368083,-0.120717667043,0.510054409504,0.259122133255,-0.053732395172,-2.119479417801,0.053235769272,0.066251151264,-0.044129744172,-0.400915473700,0.040135342628
15.247000000000,0.538578450680,5.760638237000,5.760947227478,0.383577018976,0.379657089710,5.760571479797,1.042748570442,0.201885402203,0.220534741879,0.868909239769,0.258202254772,0.159857571125,-0.795539617538,-0.153926134109,-0.170965835452,-1.232713222504,-1.214579105377,-0.126288697124
15.258000000000,0.556919097900,5.760516166687,5.760421752930,0.400230824947,0.392610937357,5.760427951813,0.816554605961,-0.035180330276,-0.045265324414,0.823522210121,0.759836256504,-0.029550934210,-1.066778779030,-0.007282478735,0.002799741924,-1.146042466164,0.007546719164,-0.007072314154
15.286000000000,0.554509401321,5.768974781036,5.768868446350,0.486939787865,0.480190932751,5.761087417603,5.071162223816,1.226139545441,1.102764129639,5.062094688416,5.241000652313,0.120429411530,10.040320396423,-0.050743985921,0.117637276649,-0.043070428073,-0.002103309846,0.019357103854
15.306000000000,0.653626918793,5.787175655365,5.786966323853,0.585288941860,0.578585922718,5.773949146271,5.010872840881,1.004626393318,1.004423022270,4.975389957428,5.005302906036,0.279142290354,0.036951307207,1.301939964294,1.384992837906,0.053536642343,0.036948826164,1.458509325981
15.328000000000,0.752995133400,5.799806118011,5.794292449951,0.684555947781,0.678081572056,5.783139705658,4.978354454041,0.407068133354,0.370947211981,4.974657058716,4.999043941498,0.385292261839,0.073801063001,0.025090957060,1.290509343147,0.077440358698,0.121116325259,1.246369361877
15.340000000000,0.852438449860,5.813765525818,5.802510738373,0.784017980099,0.777694880962,5.791488170624,4.966196537018,0.988051533699,0.428479820490,4.963983058929,4.942289829254,0.424088537693,0.069619998336,0.885509192944,1.121822237968,0.061019059271,0.087278045714,1.127986788750
15.366000000000,0.951876699924,5.827339649200,5.811957836151,0.883472025394,0.877454102039,5.800850868225,4.962069988251,0.559161543846,0.486064642668,4.966424465179,4.946977615356,0.487782269716,0.044583234936,0.974311470985,1.017814517021,0.045209620148,-0.042125143111,1.021116733551
15.389000000000,1.051293611526,5.841752052307,5.822138786316,0.982896089554,0.977168977261,5.811035156250,4.977241039276,0.548983573914,0.527976155281,4.976708889008,5.024345874786,0.527395129204,0.069580167532,0.031167667359,0.994781196117,0.073304407299,0.126097872853,0.988797366619
15.406000000000,1.150671720505,5.856422901154,5.832887172699,1.082282423973,1.076717972755,5.821800708771,4.964727401733,0.983702719212,0.530979275703,4.962885856628,4.935138702393,0.534178733826,0.078896507621,0.803748011589,0.907356917858,0.072494223714,0.118512637913,0.902781486511
15.426000000000,1.250059485435,5.870983600616,5.844183921814,1.181675553322,1.176363706589,5.833115577698,4.960289478302,0.615305602551,0.572157800198,4.962851524353,4.938521862030,0.574475049973,0.045123457909,0.800898134708,0.839133679867,0.046483468264,-0.058575466275,0.839052557945
15.446000000000,1.349413156509,5.883443355560,5.856044292450,1.281026721001,1.275738596916,5.845050334930,4.967561244965,0.609311103821,0.613372027874,4.967406272888,4.967372417450,0.614337444305,0.064944788814,0.784862399101,0.777293503284,0.065207675099,0.065304532647,0.774883329868
15.467000000000,1.448771119118,5.895973682404,5.868663311005,1.380378484726,1.375090241432,5.857684612274,4.968246936798,0.640790045261,0.645118594170,4.967828273773,4.967817783356,0.646085798740,0.063584774733,0.721177935600,0.712527692318,0.064400225878,0.064417608082,0.710608363152
15.486000000000,1.548134326935,5.908973693848,5.881694316864,1.479745388031,1.474441647530,5.870787143707,4.969284057617,0.653061628342,0.655845761299,4.968721389771,4.968583106995,0.658351004124,0.061541952193,0.694455742836,0.689877629280,0.062619328499,0.062924772501,0.683953344822
15.506000000000,1.647531390190,5.921884536743,5.894711017609,1.579112529755,1.573807358742,5.883817195892,4.970553874969,0.647890329361,0.651305854321,4.969686031342,4.969623565674,0.652860403061,0.059003576636,0.705198585987,0.698302805424,0.060736697167,0.060844156891,0.695258438587
15.526000000000,1.746956110001,5.934969902039,5.907868862152,1.678518176079,1.673211336136,5.897000789642,4.971941947937,0.661126196384,0.664813220501,4.970889091492,4.970804691315,0.665938794613,0.056271508336,0.679362058640,0.671973586082,0.058357894421,0.058525852859,0.669712543488
15.546000000000,1.846412181854,5.948376655579,5.921348094940,1.777951240540,1.772642493248,5.910501480103,4.973653793335,0.679193198681,0.682720363140,4.972414970398,4.972314834595,0.683756530285,0.052877858281,0.643562674522,0.636491000652,0.055336661637,0.055535785854,0.634410321712
15.566000000000,1.945947170258,5.962574958801,5.935269832611,1.877498507500,1.872251629829,5.924770832062,5.016004562378,0.778838574886,0.759552001953,5.051937580109,5.115867137909,1.086896896362,0.069437436759,0.037759605795,0.635586380959,0.070054747164,0.126503065228,0.635609090328
15.588000000000,2.045410633087,5.977072715759,5.949293136597,1.976756453514,1.971474885941,5.939904689789,4.943136215210,0.937937557697,0.678171455860,4.905782699585,4.866647720337,0.678547799587,-0.036828719079,0.510195255280,0.515071511269,-0.114986360073,-0.212409839034,-0.178174898028
15.606000000000,2.144960403442,5.993562221527,5.963052749634,2.076118469238,2.070883274078,5.957184314728,4.948434352875,0.938685238361,0.638467848301,4.906228542328,4.881864547729,0.641478300095,-0.016376020387,0.594963192940,0.566211283207,-0.107011243701,-0.140785336494,-0.142911270261
15.627000000000,2.244611024857,6.010048866272,5.975989341736,2.175690174103,2.170491456985,5.971417427063,4.967063426971,0.983495831490,0.635406792164,4.966230392456,4.945072174072,0.646986067295,0.002469159430,0.645607769489,0.692626893520,0.007640727796,-0.033321131021,0.671059250832
