time,pos_1,pos_2,pos_3,pos_4,pos_5,pos_6,vel_1,vel_2,vel_3,vel_4,vel_5,vel_6,eff_1,eff_2,eff_3,eff_4,eff_5,eff_6
15.048000000000,6.282929420471,6.282249927521,6.282934665680,6.281166553497,6.282719612122,6.282691955566,0.009789709002,0.009330034256,0.009645631537,0.007785152178,0.009544081986,0.015190416947,0.007399669848,0.023423206061,0.009888301603,0.048812724650,0.016997417435,0.019751647487
15.068000000000,6.282925605774,6.282229423523,6.282931804657,6.281139850616,6.282714366913,6.282662868500,-0.017421964556,-0.009401133284,-0.017938125879,-0.014715389349,-0.017883395776,-0.013565418310,-0.001555451425,0.017196608707,-0.005996439606,0.037672016770,-0.005502193701,0.001155043836
15.088000000000,6.282924175262,6.282249450684,6.282934665680,6.281175136566,6.282724857330,6.282695293427,0.011842560023,0.014448091388,0.011972329579,0.015284592286,0.012555986643,0.020049901679,0.009450561367,0.023098737001,0.012924255803,0.043660245836,0.020760264248,0.019741320983
15.108000000000,6.282930374146,6.282235145569,6.282928466797,6.281148433685,6.282703399658,6.282658100128,-0.024681637064,-0.022828342393,-0.025143479928,-0.025562690571,-0.026145849377,-0.026053300127,-0.004892366938,0.011970822699,-0.005031588487,0.035721212626,-0.000450185413,0.005175020080
15.128000000000,6.282920360565,6.282243251801,6.282938003540,6.281166076660,6.282734870911,6.282693862915,0.014730427414,0.021521395072,0.015236135572,0.020799290389,0.016144385561,0.030674418435,0.011846519075,0.022581469268,0.010632633232,0.049334656447,0.013634188101,0.016013983637
15.148000000000,6.282936096191,6.282244682312,6.282934665680,6.281165122986,6.282710552216,6.282674312592,0.016789995134,0.010642138310,0.017125040293,0.011029268615,0.015774561092,0.009029957466,0.010500268079,0.026820911095,0.013980915770,0.046750403941,0.022174650803,0.023749755695
15.168000000000,6.282918453217,6.282227993011,6.282934188843,6.281161785126,6.282727718353,6.282674312592,-0.024676954374,-0.019077168778,-0.024935748428,-0.016695315018,-0.023794561625,-0.018747437745,-0.004615210462,0.009639572352,-0.009534617886,0.020368590951,-0.010185192339,-0.005616790149
15.188000000000,6.282929420471,6.282249927521,6.282934665680,6.281166553497,6.282719612122,6.282691955566,0.009789711796,0.009330030531,0.009645635262,0.007785151713,0.009544087574,0.015190416016,0.007399669383,0.023423207924,0.009888301603,0.048812724650,0.016997417435,0.019751641899
15.209000000000,6.282925605774,6.282229423523,6.282931804657,6.281139850616,6.282714366913,6.282662868500,-0.017421955243,-0.009401132353,-0.017938118428,-0.014715393074,-0.017883392051,-0.013565425761,-0.001555452822,0.017196606845,-0.005996440537,0.037672016770,-0.005502193701,0.001155045698
15.228000000000,6.282924175262,6.282249450684,6.282934665680,6.281175136566,6.282724857330,6.282695293427,0.011842560954,0.014448087662,0.011972330511,0.015284589492,0.012555988505,0.020049901679,0.009450559504,0.023098738864,0.012924254872,0.043660249561,0.020760264248,0.019741317257
15.248000000000,6.282930374146,6.282235145569,6.282928466797,6.281148433685,6.282703399658,6.282658100128,-0.024681631476,-0.022828340530,-0.025143474340,-0.025562696159,-0.026145845652,-0.026053305715,-0.004892366938,0.011970824562,-0.005031588022,0.035721212626,-0.000450184831,0.005175021011
15.268000000000,6.282920360565,6.282243251801,6.282938003540,6.281166076660,6.282734870911,6.282693862915,0.014730434865,0.021521385759,0.015236141160,0.020799286664,0.016144391149,0.030674418435,0.011846518144,0.022581471130,0.010632632300,0.049334656447,0.013634188101,0.016013985500
15.288000000000,6.282936096191,6.282244682312,6.282934665680,6.281165122986,6.282710552216,6.282674312592,0.016789993271,0.010642139241,0.017125038430,0.011029267684,0.015774561092,0.009029957466,0.010500266217,0.026820914820,0.013980915770,0.046750407666,0.022174650803,0.023749751970
15.308000000000,6.282918453217,6.282227993011,6.282934188843,6.281161785126,6.282727718353,6.282674312592,-0.024676952511,-0.019077170640,-0.024935748428,-0.016695318744,-0.023794565350,-0.018747439608,-0.004615211859,0.009639572352,-0.009534618817,0.020368596539,-0.010185193270,-0.005616788287
15.328000000000,6.282929420471,6.282249927521,6.282934665680,6.281166553497,6.282719612122,6.282691955566,0.009789713658,0.009330025874,0.009645638987,0.007785151247,0.009544094093,0.015190416016,0.007399669383,0.023423211649,0.009888301603,0.048812720925,0.016997417435,0.019751638174
15.348000000000,6.282925605774,6.282229423523,6.282931804657,6.281139850616,6.282714366913,6.282662868500,-0.017421944067,-0.009401130490,-0.017938109115,-0.014715395868,-0.017883386463,-0.013565432280,-0.001555454219,0.017196604982,-0.005996441003,0.037672016770,-0.005502194166,0.001155047561
15.368000000000,0.000797087559,6.278382778168,6.277149200439,0.003946540412,0.007067954168,6.274804592133,-0.221807658672,-0.326522499323,-0.628795802593,0.835450351238,0.828150391579,-0.728759765625,2.087914943695,-2.817975759506,-2.156482934952,0.051769096404,0.059319835156,-1.975667476654
15.388000000000,6.273575305939,6.264202117920,6.259983539581,0.020718449727,0.023711321875,6.262194156647,-0.687193751335,-1.710005998611,-1.699393153191,0.850975215435,0.841112077236,-0.700180530548,3.109016418457,0.046708643436,-0.775014340878,0.036187339574,0.036215614527,-1.968795299530
15.408000000000,6.261456489563,6.230720043182,6.226171493530,0.037185996771,0.036318831146,6.249357223511,-0.555565953255,-1.657927989960,-1.647985696793,0.814941525459,0.542539477348,-0.571667730808,2.862905025482,0.010264649056,0.018228420988,0.014969054610,0.661498785019,-2.130784749985
15.428000000000,6.250927448273,6.198947429657,6.194912910461,0.053075127304,0.050203606486,6.238936424255,-0.484659880400,-1.548195838928,-1.526499629021,0.786543726921,0.799757540226,-0.492546945810,2.777213335037,0.014075102285,0.005055726040,0.023336464539,0.820325791836,-2.211541414261
15.448000000000,6.241747856140,6.168364524841,6.165641784668,0.068649299443,0.063250511885,6.229602813721,-0.442167937756,-1.445968389511,-1.433335542679,0.757318735123,0.761859178543,-0.443710833788,2.703743457794,0.015220771544,0.016755327582,0.026096424088,0.026762906462,-2.248518228531
15.469000000000,6.233101367950,6.139955043793,6.138337612152,0.083429187536,0.077438369393,6.221118927002,-0.416910052299,-1.345588922501,-1.334812998772,0.730532348156,0.741520404816,-0.408637732267,2.688715934753,0.014486724511,0.010817008093,0.028351059183,0.024121025577,-2.259731531143
15.488000000000,6.225325584412,6.114367485046,6.111635208130,0.097927771509,0.089753344655,6.213180065155,-0.363356024027,-1.250272512436,-1.335730671883,0.707468450069,0.717149138451,-0.376455634832,2.605325222015,0.010272960179,0.013077510521,0.026622762904,0.026666998863,-2.263487577438
15.508000000000,6.218133449554,6.090521335602,6.087848186493,0.111933417618,0.103804714978,6.205886840820,-0.362677544355,-1.166192293167,-1.157637834549,0.682842075825,0.696539461613,-0.354093879461,2.633899688721,0.009134570137,0.010409416631,0.027787428349,0.027534488589,-2.258085012436
15.528000000000,6.211149692535,6.068358898163,6.065009593964,0.125477418303,0.117395199835,6.198894023895,-0.343992918730,-1.087652921677,-1.079254508018,0.659268200397,0.672930061817,-0.342747062445,2.617794513702,0.008141679689,0.009120846167,0.029008354992,0.028478140011,-2.233947515488
15.548000000000,6.204391956329,6.047610759735,6.043797016144,0.138331919909,0.130495056510,6.192072391510,-0.344874382019,-1.016515493393,-1.006404399872,0.634399235249,0.647860288620,-0.339178234339,2.570673704147,0.013103981502,0.007405844983,0.034881930798,0.035070996732,-2.199623823166
15.568000000000,6.197748661041,6.028264045715,6.024691104889,0.150753378868,0.143370985985,6.185383796692,-0.341578930616,-0.947914719582,-0.936286151409,0.613013386726,0.626299500465,-0.334151923656,2.586321830750,0.011627213098,0.005971062928,0.035217359662,0.035642474890,-2.164818048477
15.588000000000,6.191171646118,6.010225772858,6.006891250610,0.162759214640,0.155837357044,6.178777694702,-0.333408713341,-0.881765305996,-0.870593607426,0.594611704350,0.607411086559,-0.326925128698,2.664984226227,0.001555868657,0.002977302065,0.028302926570,0.027153331786,-2.131228685379
15.608000000000,6.184635162354,5.992810726166,5.990290164948,0.174553200603,0.167668953538,6.172190666199,-0.335614115000,-0.820622265339,-0.810664117336,0.576320767403,0.588189005852,-0.327420353889,2.680624008179,0.007184930146,0.009682540782,0.036446470767,0.035263434052,-2.084320545197
15.628000000000,6.178066730499,5.977145671844,5.974807262421,0.185752853751,0.179096415639,6.165580272675,-0.343751400709,-0.766595900059,-0.759667694569,0.552835643291,0.564879775047,-0.332201004028,2.618109464645,0.007821349427,0.003311860142,0.036401424557,0.038168340921,-2.037504434586
15.648000000000,6.171411037445,5.962094783783,5.959917545319,0.196743786335,0.190146058798,6.158912181854,-0.342323303223,-0.710970222950,-0.704406380653,0.538252472878,0.550004184246,-0.331774026155,2.695064067841,0.004887705203,0.007604853250,0.037702612579,0.035628024489,-1.988916754723
15.668000000000,6.164733886719,5.948554515839,5.946524143219,0.207177922130,0.200978666544,6.152196407318,-0.353172779083,-0.665065228939,-0.659464299679,0.515626370907,0.527653217316,-0.338312983513,2.636015176773,0.002134195995,-0.001245588530,0.033098258078,0.036007653922,-1.937782406807
15.688000000000,6.157972335815,5.935494899750,5.933560848236,0.217280849814,0.211468592286,6.145418643951,-0.356796354055,-0.620276629925,-0.615163505077,0.498187273741,0.509829580784,-0.340805977583,2.643763542175,0.000943443505,-0.002228588099,0.033224441111,0.036259382963,-1.888653755188
15.708000000000,6.151137351990,5.923321723938,5.921519756317,0.227044895291,0.221582442522,6.138538837433,-0.328952759504,-0.575700461864,-0.567833244801,0.484864652157,0.492954283953,-0.346782684326,2.725926399231,0.001999643398,0.005767829251,0.039888687432,0.036888368428,-1.834427952766
15.728000000000,6.144217967987,5.912362098694,5.910680294037,0.236482158303,0.231199458241,6.131773948669,-0.318384736776,-0.532778918743,-0.524219453335,0.471212595701,0.478851795197,-0.333554089069,2.711503744125,0.006104080006,0.009840149432,0.045138668269,0.041744958609,-1.810355305672
15.748000000000,6.137616634369,5.902188301086,5.900582790375,0.245591372252,0.240497156978,6.125191211700,-0.303774118423,-0.497525990009,-0.489393353462,0.454054147005,0.461013764143,-0.321007728577,2.681073665619,-0.003037150716,-0.001261481200,0.036965783685,0.033171039075,-1.791136026382
15.768000000000,6.131582736969,5.892708778381,5.891211032867,0.254547625780,0.249497964978,6.119102954865,-0.278611838818,-0.465775758028,-0.458887517452,0.437501192093,0.444152772427,-0.296071082354,2.612502336502,-0.002473949920,0.002647587331,0.038948100060,0.037165489048,-1.801760315895
15.788000000000,6.125843048096,5.883487224579,5.882427692413,0.263065636158,0.258183211088,6.113373756409,-0.293422818184,-0.434862315655,-0.431960761547,0.420206546783,0.429760873318,-0.281117647886,2.533204793930,-0.001772445394,-0.006369488779,0.036378368735,0.039104040712,-1.789198398590
15.808000000000,6.120306491852,5.874917030334,5.873978137970,0.271433889866,0.266577482224,6.107841491699,-0.283731311560,-0.404664188623,-0.402967035770,0.405763953924,0.415263265371,-0.273309230804,2.514985084534,-0.001607836923,-0.007052658126,0.037363469601,0.039570901543,-1.768180608749
15.828000000000,6.113778591156,5.816156387329,5.837423324585,0.279227703810,0.274009376764,6.100159645081,-1.083719968796,-22.537590026855,-28.756914138794,0.380585193634,-0.001673768391,-1.204779505730,3.093630075455,12.891154289246,-55.427848815918,0.623104155064,0.853827178478,0.803534686565
15.848000000000,6.117079734802,5.749728202820,5.749514579773,0.287275075912,0.282944470644,6.085802555084,-0.023098703474,0.417953044176,0.374061286449,0.455691754818,0.447584718466,-1.084750175476,2.175838708878,0.029546683654,0.064483627677,0.173820048571,0.125324949622,-1.794998407364
15.868000000000,6.124713420868,5.755804538727,5.755791187286,0.294689714909,0.290569156408,6.074721336365,-0.050590615720,0.246570169926,0.266306161880,0.501244902611,0.468920648098,-0.970611453056,0.129687190056,0.071461722255,0.059314481914,0.322980076075,0.245465070009,-1.467427015305
15.888000000000,6.134042739868,5.758196353912,5.758355617523,0.301662713289,0.297704249620,6.061802864075,-0.131298929453,0.144450992346,0.135364562273,0.495573043823,0.456784605980,-0.932579219341,0.125759735703,0.082657992840,0.080234356225,0.329634487629,0.249869421124,-1.132551431656
15.908000000000,6.141737461090,5.759241580963,5.759078025818,0.308704733849,0.304693907499,6.051193714142,-0.322221428156,0.078469604254,0.069944024086,0.451904237270,0.411216974258,-0.921585977077,-0.023664759472,0.009965279140,0.018343508244,0.107975184917,0.052568238229,-0.970356106758
15.928000000000,6.147362709045,5.759597301483,5.759643077850,0.315153390169,0.311270833015,6.037985324860,-0.378075957298,0.035037755966,0.016404874623,0.370488584042,0.338631391525,-0.519485116005,-0.020056543872,0.006958845071,0.009546550922,0.100991874933,0.044094007462,-0.819144248962
15.948000000000,6.152699947357,5.759845256805,5.759925365448,0.321572631598,0.317870646715,6.025325775146,-0.275834828615,0.055527318269,0.057207938284,0.396751761436,0.400354921818,-0.868533372879,2.811683177948,-0.006643305998,-0.006640086416,0.081501722336,0.037481006235,-0.657481014729
15.968000000000,6.148373126984,5.760486602783,5.760322570801,0.327708542347,0.324419796467,6.012788772583,-0.241750985384,0.005277374759,-0.010016582906,0.236226171255,0.272026419640,-0.342479825020,2.361694335938,-0.047149635851,-0.038412105292,-0.127743497491,-0.102744117379,-0.089520439506
15.988000000000,6.150006771088,5.760569572449,5.760286808014,0.334021359682,0.330833733082,6.005126476288,-0.198813080788,-0.025422636420,-0.019657311961,0.337923407555,0.311754971743,-0.255542457104,-0.004599834327,0.017367860302,0.019602481276,0.132275506854,0.076210238039,-1.123705387115
16.008000000000,6.158139228821,5.759759426117,5.760047912598,0.340051054955,0.336407661438,5.995707035065,-0.228115111589,0.040329668671,0.053685110062,0.425128817558,0.395630955696,-0.709905803204,0.103325635195,0.097867392004,0.079605117440,0.296237528324,0.213821470737,-0.596490621567
16.028000000000,6.166123867035,5.759830474854,5.760095119476,0.345268130302,0.341707974672,5.984111785889,-0.242841199040,0.092852376401,0.066885605454,0.431296586990,0.390176266432,-0.651401281357,0.120450846851,0.102520063519,0.100384294987,0.349508345127,0.261230766773,-0.362915515900
16.048000000000,6.170723915100,5.759992122650,5.759994506836,0.350141793489,0.346845209599,5.972285747528,-0.336340069771,0.047950789332,0.010859440081,0.307576388121,0.315454542637,-0.523623824120,2.760836362839,-0.001738932333,0.012632778846,0.214944481850,0.182547017932,-0.396140217781
16.068000000000,6.167646408081,5.760535240173,5.760234355927,0.355438023806,0.352386891842,5.962368488312,-0.222500056028,0.008745313622,0.001933175488,0.290319800377,0.294471025467,-0.299689203501,2.508064508438,-0.003028077306,0.002798145870,0.226617515087,0.196043297648,-0.747813880444
16.088000000000,6.174767494202,5.760043144226,5.760202884674,0.360628694296,0.357207894325,5.953958034515,-0.175770699978,0.060470115393,0.068427421153,0.399405866861,0.367265820503,-0.560139060020,0.113235369325,0.097490623593,0.083538122475,0.329773843288,0.245968565345,-0.423164516687
16.109000000000,6.178237915039,5.760176658630,5.760156154633,0.365234702826,0.361973226070,5.944427013397,-0.025195831433,0.071093104780,0.046212967485,0.313950926065,0.311481744051,-0.603827118874,2.441771268845,-0.031712081283,-0.014577061869,-0.026152173057,-0.031145473942,-0.514135479927
16.128000000000,6.176990032196,5.760255336761,5.760088920593,0.369940012693,0.365970551968,5.937640190125,-0.239964142442,-0.061221137643,-0.043267790228,0.142006725073,0.178719058633,-0.277594894171,2.286806344986,-0.027291521430,-0.038389332592,-0.140125855803,0.390741586685,-0.120815776289
16.148000000000,6.173313140869,5.760297775269,5.760113239288,0.374637395144,0.370443582535,5.933629989624,-0.166868150234,0.009200020693,0.007120375056,0.231202349067,0.241850122809,-0.157512560487,2.342058420181,-0.018760712817,-0.013559560291,0.040113296360,0.031828295439,-0.842187345028
16.168000000000,6.172608852386,5.760199069977,5.760155200958,0.379155129194,0.374754726887,5.930142879486,-0.142730563879,0.008455060422,0.003761550644,0.223144367337,0.232553958893,-0.157463833690,2.288979530334,-0.016349103302,-0.013365353458,0.041287809610,0.036150068045,-0.817366480827
16.188000000000,6.175842285156,5.760050773621,5.760107040405,0.383521735668,0.378976464272,5.926950454712,1.002316594124,-0.058885172009,-0.048066839576,0.170919358730,0.207278043032,-0.229963958263,2.289813280106,-0.017718331888,-0.024854520336,-0.032365970314,0.023343278095,-0.699826061726
16.208000000000,6.174911499023,5.760159015656,5.760098934174,0.387873142958,0.383458226919,5.922588825226,-0.161006838083,0.017843635753,0.000869317970,0.209327161312,0.218683853745,-0.166773036122,2.323579788208,-0.020346773788,-0.010530121624,0.039747342467,0.037048377097,-0.750528097153
16.228000000000,6.180166244507,5.759984493256,5.760099887848,0.392073392868,0.387410461903,5.918344020844,-0.170449018478,-0.000395178387,0.003095319029,0.239863708615,0.216915413737,-0.267445772886,0.000166214711,0.017751941457,0.011872622184,0.132339179516,0.073062188923,-0.518412053585
16.248000000000,6.176704406738,5.760239124298,5.760121345520,0.396000951529,0.391544997692,5.914275646210,-0.153347179294,0.013184923679,0.007185735274,0.194476053119,0.206626147032,-0.150990068913,2.313486814499,-0.019741462544,-0.013768129051,0.041505299509,0.032984573394,-0.729203283787
16.268000000000,6.177159309387,5.760181903839,5.760153770447,0.399820387363,0.395252883434,5.910543918610,-0.140994414687,0.010988256894,0.004252829589,0.187749221921,0.197705611587,-0.158250004053,2.285120010376,-0.017334880307,-0.013644816354,0.042263768613,0.037159428000,-0.688194036484
16.288000000000,6.175748825073,5.760217189789,5.760181427002,0.403528600931,0.398785412312,5.907122135162,-0.114127784967,0.014248462394,0.001283018384,0.181543603539,0.191944882274,-0.125891730189,2.230447530746,-0.020101910457,-0.012716424651,0.041835602373,0.035913288593,-0.728555738926
16.308000000000,6.176743507385,5.760426521301,5.760231494904,0.479643583298,0.402022808790,5.903528213501,-0.078790016472,-0.031617384404,0.000553625287,18.432153701782,-0.113878816366,-0.500627696514,0.161262944341,-0.010877946392,0.020732251927,-10.631913185120,0.318273484707,0.221591144800
16.328000000000,6.182893276215,5.760891914368,5.761168479919,0.532918453217,0.480683326721,5.897892475128,0.352227151394,0.105789564550,0.089958980680,-0.393303155899,18.790527343750,-0.055524915457,0.494867414236,-0.078973516822,-0.110272914171,0.057834163308,-11.021265983582,-0.909134864807
16.348000000000,6.191735744476,5.759821414948,5.759744644165,0.525650501251,0.532227218151,5.892816543579,-0.202874988317,0.002364796354,0.017430976033,-0.215720146894,-0.435107350349,-0.292588591576,-0.009261858650,0.019142288715,0.012948015705,0.094448916614,0.036950901151,-0.318406313658
16.368000000000,6.199865341187,5.759820938110,5.759908676147,0.522763073444,0.525410950184,5.885843753815,-0.242277026176,0.019070070237,0.013570529409,-0.066056989133,-0.220371186733,-0.380302846432,-0.017354296520,0.010453775525,0.009150009602,0.077560201287,0.080439694226,-0.100264109671
16.388000000000,6.204833030701,5.759999752045,5.759974002838,0.521708488464,0.522646605968,5.878148555756,-0.266946107149,0.031669691205,0.020420737565,-0.019465336576,-0.048220794648,-0.349944025278,2.561873197556,-0.017951909453,-0.011340145953,0.053426496685,0.054183986038,-0.123280011117
16.408000000000,6.213853359222,5.760894298553,5.760766983032,0.523045480251,0.523413360119,5.749444007874,0.988193452358,0.042666316032,0.009545451030,0.108502596617,0.103595957160,-1.280118465424,-0.007832524367,-0.056472629309,-0.034811656922,-0.050394300371,-0.056100111455,1.095631957054
16.428000000000,6.220114707947,5.759306907654,5.759659767151,0.519813358784,0.522416949272,5.745882511139,-0.220923498273,0.049139540642,-0.056473493576,-0.073089465499,-0.026640458032,-0.380919724703,2.394439697266,-0.004590367898,0.038264703006,0.143991336226,0.050590820611,0.469381749630
16.448000000000,6.216722488403,5.760217666626,5.759869098663,0.520560741425,0.521728038788,5.742206573486,-0.133551761508,0.005536938552,0.025349367410,0.033637534827,-0.101606138051,-0.104184508324,2.260796546936,0.010755754076,0.001926355297,0.074475735426,0.130522340536,0.405046701431
16.468000000000,6.216226100922,5.760419845581,5.760336399078,0.521014094353,0.521200835705,5.741741180420,0.051025561988,0.004783148877,0.008014977910,0.011824057437,0.051393050700,0.043536990881,1.843825459480,-0.016790151596,-0.018590910360,0.048183690757,0.029701160267,0.339266240597
16.488000000000,6.218256473541,5.760442256927,5.760374069214,0.521146297455,0.523091673851,5.743932723999,0.139275237918,-0.009660596028,-0.004092912655,-0.003064122284,0.138094320893,0.156633123755,1.645845532417,-0.020149929449,-0.018205432221,0.044658891857,-0.039728954434,0.239273607731
16.508000000000,6.221784114838,5.760357379913,5.760331153870,0.521160423756,0.526110231876,5.747728347778,0.196451723576,-0.009699459188,-0.006704272237,-0.004073807038,0.197365298867,0.212252900004,1.524776577950,-0.015671269968,-0.014911264181,0.047015860677,-0.104078672826,0.135724365711
16.528000000000,6.226065635681,5.760268211365,5.760256290436,0.521143138409,0.529320597649,5.752295017242,0.219556421041,-0.008537488058,-0.006707751658,-0.004244477022,0.220459848642,0.236699894071,1.465109467506,-0.013791454956,-0.013108996674,0.048042926937,-0.159706428647,0.031789015979
16.548000000000,6.230545997620,5.760190010071,5.760189056396,0.521118402481,0.532351851463,5.757066249847,0.219780296087,-0.007193286438,-0.005617368501,-0.003862537211,0.219160437584,0.235154762864,1.449473857880,-0.012339238077,-0.012111390010,0.048797000200,-0.203792482615,-0.063465818763
16.568000000000,6.234879970551,5.760134696960,5.760139942169,0.521098434925,0.534918546677,5.761641025543,0.206292599440,-0.005614088383,-0.004891220480,-0.003186120186,0.203682646155,0.219624802470,1.460884809494,-0.011601555161,-0.011369602755,0.049205873162,-0.235840857029,-0.147796720266
16.588000000000,6.238847255707,5.760099411011,5.760107517242,0.521084666252,0.536884546280,5.765811443329,0.184873238206,-0.004447292071,-0.003949694801,-0.002657757141,0.180127903819,0.195841223001,1.489266633987,-0.011195384897,-0.011094956659,0.049455307424,-0.256139785051,-0.219970405102
16.608000000000,6.242335796356,5.760079383850,5.760088443756,0.521076142788,0.538217842579,5.769459724426,0.159617140889,-0.003590228502,-0.003050353611,-0.002268483629,0.152842685580,0.168041527271,1.526952028275,-0.011045577936,-0.011089908890,0.049576330930,-0.265773773193,-0.279680341482
16.628000000000,6.245326042175,5.760073661804,5.760082721710,0.521073579788,0.538971543312,5.772560119629,0.135133609176,-0.002890023636,-0.002724629128,-0.001933651278,0.126775652170,0.141742989421,1.564622640610,-0.011197560467,-0.011106306687,0.049537189305,-0.267315685749,-0.329007178545
16.648000000000,6.247845172882,5.760076522827,5.760083675385,0.521074235439,0.539234638214,5.775158405304,0.112846389413,-0.002589847427,-0.002359278733,-0.001804085216,0.103267155588,0.117751628160,1.599772930145,-0.011380233802,-0.011301241815,0.049470324069,-0.262588828802,-0.369379192591
16.668000000000,6.249856472015,5.760076999664,5.760076045990,0.521072387695,0.539050638676,5.777328491211,0.083037070930,-0.006300470792,-0.002141352044,-0.003329485422,0.073301225901,0.089743591845,1.651103854179,-0.010263361037,-0.011412654072,0.049761589617,-0.250794529915,-0.400417387486
16.688000000000,6.251254081726,5.760052204132,5.760066509247,0.521062612534,0.538344621658,5.778678417206,0.050983384252,-0.003059858689,-0.003389704740,-0.002163462806,0.038844570518,0.050730708987,1.707385301590,-0.011058695614,-0.010580800474,0.049518764019,-0.227124854922,-0.407626897097
16.709000000000,6.252071380615,5.760067462921,5.760074615479,0.521069228649,0.537211418152,5.779451847076,0.028422418982,-0.002445784165,-0.001763486420,-0.002027323702,0.015810059384,0.027441414073,1.749112844467,-0.011940682307,-0.011644627899,0.049100793898,-0.202041760087,-0.411666125059
16.728000000000,6.252545356750,5.760090351105,5.760095119476,0.521078884602,0.535907089710,5.779856681824,0.015096911229,-0.002522403607,-0.001786855748,-0.002132715890,0.002675114200,0.013477017172,1.773702383041,-0.012553199194,-0.012093122117,0.048796951771,-0.178021043539,-0.412801802158
16.748000000000,6.252824783325,5.760111808777,5.760113716125,0.521087944508,0.534579515457,5.780061244965,0.008351812139,-0.002879952779,-0.001915280824,-0.002358621219,-0.003543741768,0.006590939593,1.786128163338,-0.012976700440,-0.012451444753,0.048578310758,-0.156187221408,-0.413408815861
16.768000000000,6.253022670746,5.760128498077,5.760128974915,0.521095156670,0.533328771591,5.780182361603,0.006303916685,-0.003260753350,-0.002185366349,-0.002579623600,-0.004870777484,0.004668143112,1.789599418640,-0.013264410198,-0.012657504529,0.048423152417,-0.137259021401,-0.414779186249
16.788000000000,6.253212928772,5.760140419006,5.760139942169,0.521100103855,0.532209634781,5.780299186707,0.007169095799,-0.003613959998,-0.002417431446,-0.002779276809,-0.003234636737,0.005758899730,1.787395238876,-0.013432929292,-0.012783308513,0.048326205462,-0.121347248554,-0.417555093765
16.808000000000,6.253438949585,5.760147571564,5.760146617889,0.521103143692,0.531244575977,5.780455589294,0.009587036446,-0.003893741174,-0.002606311813,-0.002936467528,-0.000069547423,0.008436602540,1.782020211220,-0.013518389314,-0.012841169722,0.048271015286,-0.108257494867,-0.421927154064
16.828000000000,6.253721237183,5.760150909424,5.760150432587,0.521104753017,0.530434310436,5.780673503876,0.012633553706,-0.004097382072,-0.002752360189,-0.003050997388,0.003659984330,0.011745919473,1.775207042694,-0.013549133204,-0.012850915082,0.048244018108,-0.097651630640,-0.427847743034
16.848000000000,6.254065513611,5.760152339935,5.760151386261,0.521105289459,0.529766738415,5.780958175659,0.015711052343,-0.004236074630,-0.002863814821,-0.003128483891,0.007336530369,0.015065858141,1.768106698990,-0.013544451445,-0.012827736326,0.048236269504,-0.089127242565,-0.435124337673
16.868000000000,6.254467964172,5.760151863098,5.760151386261,0.521105110645,0.529222369194,5.781304836273,0.018408106640,-0.004328097682,-0.002926408546,-0.003180025611,0.010533281602,0.017928576097,1.761548757553,-0.013515207916,-0.012794082053,0.048242665827,-0.082241892815,-0.443432837725
16.888000000000,6.254918098450,5.760150432587,5.760150432587,0.521104454994,0.528778672218,5.781701564789,0.020506223664,-0.004379218444,-0.002961667720,-0.003209511749,0.013038502075,0.020137654617,1.755992174149,-0.013477349654,-0.012751023285,0.048255119473,-0.076588168740,-0.452443629503
16.908000000000,6.255402565002,5.760148525238,5.760148525238,0.521103560925,0.528412640095,5.782134532928,0.021879501641,-0.004406034946,-0.002950699534,-0.003227550071,0.014731532894,0.021547773853,1.751746296883,-0.013433523476,-0.012716186233,0.048272401094,-0.071785330772,-0.461795985699
16.928000000000,6.255908489227,5.760146617889,5.760147094727,0.521102786064,0.528105378151,5.782589435577,0.022699071094,-0.004401205573,-0.002968623769,-0.003226967994,0.015816802159,0.022408427671,1.748480439186,-0.013403994031,-0.012669145130,0.048283074051,-0.067626602948,-0.471315681934
16.948000000000,6.256423950195,5.760144710541,5.760145187378,0.521101951599,0.527839660645,5.783054351807,0.022921586409,-0.004403898492,-0.002930147573,-0.003233279567,0.016238018870,0.022587647662,1.746367454529,-0.013368981890,-0.012649185956,0.048298019916,-0.063842028379,-0.480715513229
16.968000000000,6.256938934326,5.760143280029,5.760143756866,0.521101236343,0.527602553368,5.783517837524,0.022709384561,-0.004387955647,-0.002916250145,-0.003229253227,0.016190432012,0.022333748639,1.745090126991,-0.013348862529,-0.012622879818,0.048305910081,-0.060308240354,-0.489872038364
16.988000000000,6.257446289062,5.760141849518,5.760142803192,0.521100699902,0.527384459972,5.783972740173,0.022189738229,-0.004375685938,-0.002896321006,-0.003226988018,0.015805812553,0.021754564717,1.744442224503,-0.013335038908,-0.012606660835,0.048310730606,-0.056935090572,-0.498696208000
17.008000000000,6.257941722870,5.760141372681,5.760141849518,0.521100342274,0.527180016041,5.784414291382,0.021534187719,-0.004361048341,-0.002904419089,-0.003221652703,0.015273621306,0.021055132151,1.744084000587,-0.013332049362,-0.012586831115,0.048309825361,-0.053709052503,-0.507189691067
17.028000000000,6.258422374725,5.760140419006,5.760141372681,0.521100103855,0.526984810829,5.784840106964,0.020724030212,-0.004359754734,-0.002886665519,-0.003219748614,0.014569866471,0.020171552896,1.744100332260,-0.013325603679,-0.012578244321,0.048313539475,-0.050556685776,-0.515297174454
17.056000000000,6.258885383606,5.760139942169,5.760140895844,0.521099865437,0.526795864105,5.785247325897,0.019820872694,-0.004354804289,-0.002869127551,-0.003212067997,0.013764794916,0.019166192040,1.744361400604,-0.013322233222,-0.012570214458,0.048317994922,-0.047455213964,-0.522985041142
17.069000000000,6.259329795837,5.760139942169,5.760140895844,0.521099746227,0.526611328125,5.785634040833,0.018893506378,-0.004348305520,-0.002853118116,-0.003203869797,0.012927571312,0.018126564100,1.744725465775,-0.013323769905,-0.012567504309,0.048319879919,-0.044408235699,-0.530250310898
17.088000000000,6.259755134583,5.760139942169,5.760140895844,0.521099686623,0.526430547237,5.786001205444,0.017949933186,-0.004348339047,-0.002840276808,-0.003200332867,0.012071331963,0.017090547830,1.745192408562,-0.013325836509,-0.012562767603,0.048321392387,-0.041410721838,-0.537111461163
17.108000000000,6.260161876678,5.760139942169,5.760140419006,0.521099686623,0.526253342628,5.786347866058,0.017034340650,-0.004348583985,-0.002828754485,-0.003197196638,0.011239633895,0.016080845147,1.745663762093,-0.013329955749,-0.012560490519,0.048321764916,-0.038475111127,-0.543581664562
17.128000000000,6.260550975800,5.760139942169,5.760140895844,0.521099746227,0.526080012321,5.786674976349,0.016183363274,-0.004348495975,-0.002820408903,-0.003193533048,0.010471221060,0.015135617927,1.746059656143,-0.013336624950,-0.012561086565,0.048320464790,-0.035621255636,-0.549696266651
17.148000000000,6.260922431946,5.760139942169,5.760140895844,0.521099686623,0.525910377502,5.786984443665,0.015329956077,-0.004356208723,-0.002793385182,-0.003195878351,0.009692903608,0.014179225080,1.746532320976,-0.013338605873,-0.012568054721,0.048321779817,-0.032820299268,-0.555440008640
17.168000000000,6.261278152466,5.760139942169,5.760140895844,0.521099746227,0.525745213032,5.787275791168,0.014554381371,-0.004355199169,-0.002789072925,-0.003192860633,0.008996744640,0.013325027190,1.746893644333,-0.013347255066,-0.012567450292,0.048319213092,-0.030113939196,-0.560871243477
17.188000000000,6.261619567871,5.760140419006,5.760140895844,0.521099865437,0.525585889816,5.787551879883,0.013905873522,-0.004357935861,-0.002799196634,-0.003191070864,0.008433441631,0.012630989775,1.747044324875,-0.013357209042,-0.012562756427,0.048315666616,-0.027543466538,-0.566073536873
17.208000000000,6.261947154999,5.760140419006,5.760141372681,0.521099925041,0.525432407856,5.787814140320,0.013270577416,-0.004370713141,-0.002778118243,-0.003196367063,0.007871227339,0.011908735149,1.747227311134,-0.013358240947,-0.012571001425,0.048316858709,-0.025061801076,-0.570992887020
17.228000000000,6.262263298035,5.760140419006,5.760141372681,0.521099984646,0.525285124779,5.788063526154,0.012685250491,-0.004373645410,-0.002780128038,-0.003197634127,0.007361523341,0.011281391606,1.747342944145,-0.013365105726,-0.012568855658,0.048313986510,-0.022692285478,-0.575682044029
17.248000000000,6.262567996979,5.760140419006,5.760141372681,0.521100044250,0.525144279003,5.788300991058,0.012153994292,-0.004381367937,-0.002777449554,-0.003203744302,0.006902039517,0.010717825964,1.747386217117,-0.013370274566,-0.012570916675,0.048310600221,-0.020438021049,-0.580159783363
17.268000000000,6.262862682343,5.760140895844,5.760141372681,0.521100044250,0.525009870529,5.788527488708,0.011665833183,-0.004387872759,-0.002775794128,-0.003206555266,0.006484340876,0.010190337896,1.747382044792,-0.013374460861,-0.012570722029,0.048308916390,-0.018293740228,-0.584447324276
17.288000000000,6.263148307800,5.760140895844,5.760141849518,0.521100163460,0.524882555008,5.788744926453,0.011250856332,-0.004391773604,-0.002787834499,-0.003207318950,0.006140863523,0.009751099162,1.747257232666,-0.013380315155,-0.012564995326,0.048306211829,-0.016279254109,-0.588582873344
17.308000000000,6.263425350189,5.760140895844,5.760141849518,0.521100103855,0.524761438370,5.788952827454,0.010818064213,-0.004402553197,-0.002772312611,-0.003213015851,0.005767417140,0.009260111488,1.747208833694,-0.013379090466,-0.012570088729,0.048307456076,-0.014346684329,-0.592517435551
17.328000000000,6.263694286346,5.760140895844,5.760141849518,0.521100163460,0.524646580219,5.789151668549,0.010434452444,-0.004402064253,-0.002785160206,-0.003211577656,0.005448178388,0.008853449486,1.747076153755,-0.013384857215,-0.012562702410,0.048304636031,-0.012526001781,-0.596307694912
17.348000000000,6.263955116272,5.760140895844,5.760141849518,0.521100163460,0.524537146091,5.789342403412,0.010032481514,-0.004410833586,-0.002768537495,-0.003216276178,0.005099263042,0.008396505378,1.747019171715,-0.013383703306,-0.012568022124,0.048305712640,-0.010775581934,-0.599911391735
17.368000000000,6.264208793640,5.760140895844,5.760141849518,0.521100163460,0.524433195591,5.789525032043,0.009675771929,-0.004409369081,-0.002780091716,-0.003214369295,0.004800831433,0.008018620312,1.746884942055,-0.013389128260,-0.012561114505,0.048303075135,-0.009124093689,-0.603381097317
17.388000000000,6.264454364777,5.760140895844,5.760141849518,0.521100163460,0.524334013462,5.789699554443,0.009301774204,-0.004417011980,-0.002764107427,-0.003218431724,0.004474766087,0.007593551651,1.746820807457,-0.013388024643,-0.012566203251,0.048304114491,-0.007533307653,-0.606677293777
17.408000000000,6.264692783356,5.760140895844,5.760141849518,0.521100163460,0.524239182472,5.789865970612,0.008940232918,-0.004416925833,-0.002763585886,-0.003218017053,0.004161803517,0.007196836639,1.746751070023,-0.013391091488,-0.012564253062,0.048302862793,-0.006011807825,-0.609820902348
17.428000000000,6.264925003052,5.760140895844,5.760141849518,0.521100163460,0.524149000645,5.790025234222,0.008630488068,-0.004417725373,-0.002771282801,-0.003217370948,0.003902500495,0.006869920064,1.746596932411,-0.013395479880,-0.012559888884,0.048300772905,-0.004578382242,-0.612853527069
17.448000000000,6.265150547028,5.760140895844,5.760141849518,0.521100223064,0.524063289165,5.790178298950,0.008338875137,-0.004422753584,-0.002769168699,-0.003219149774,0.003656123532,0.006545640994,1.746429324150,-0.013396531343,-0.012560359202,0.048300474882,-0.003217139747,-0.615761399269
17.468000000000,6.265370368958,5.760140895844,5.760141849518,0.521100223064,0.523981809616,5.790324687958,0.008042740636,-0.004426637199,-0.002767440164,-0.003220748855,0.003402811475,0.006222095806,1.746294975281,-0.013397076167,-0.012558670714,0.048300527036,-0.001914940658,-0.618542790413
17.488000000000,6.265583992004,5.760140895844,5.760141849518,0.521100163460,0.523903667927,5.790464878082,0.007727010176,-0.004429869354,-0.002755430760,-0.003222586121,0.003123666393,0.005862564314,1.746221303940,-0.013396604918,-0.012561692856,0.048301201314,-0.000653458352,-0.621173799038
17.508000000000,6.265791416168,5.760140895844,5.760141849518,0.521100163460,0.523828685284,5.790597915649,0.007424618583,-0.004429169931,-0.002754417947,-0.003222880885,0.002858608263,0.005538407713,1.746135592461,-0.013399643824,-0.012560764328,0.048299465328,0.000555850274,-0.623680651188
17.532000000000,6.265993595123,5.760140895844,5.760141849518,0.521100223064,0.523757159710,5.790724754333,0.007171246223,-0.004430043977,-0.002761643846,-0.003223893465,0.002644276712,0.005277886055,1.745967745781,-0.013403689489,-0.012557815760,0.048296775669,0.001694866456,-0.626097977161
17.548000000000,6.266190528870,5.760141372681,5.760141849518,0.521100223064,0.523689091206,5.790846824646,0.006931444630,-0.004435156938,-0.002760309959,-0.003227405483,0.002439328702,0.005018529948,1.745793342590,-0.013404466212,-0.012558469549,0.048295915127,0.002778894734,-0.628414273262
17.568000000000,6.266382217407,5.760140895844,5.760141849518,0.521100223064,0.523623883724,5.790963649750,0.006671788171,-0.004439174198,-0.002751245396,-0.003230899572,0.002209468745,0.004726797808,1.745678663254,-0.013403985649,-0.012561503798,0.048295862973,0.003829122987,-0.630606710911
17.588000000000,6.266568660736,5.760140895844,5.760141849518,0.521100223064,0.523561358452,5.791074752808,0.006422104314,-0.004438604694,-0.002750379033,-0.003231651150,0.001990209101,0.004455923568,1.745556950569,-0.013406479731,-0.012561227195,0.048294179142,0.004836914595,-0.632693946362
17.608000000000,6.266751289368,5.760141372681,5.760141849518,0.521100223064,0.523501813412,5.791180610657,0.006220922805,-0.004438632168,-0.002758124843,-0.003231933806,0.001822245889,0.004250142723,1.745350599289,-0.013410419226,-0.012558471411,0.048291623592,0.005781211890,-0.634715259075
17.628000000000,6.266929149628,5.760141372681,5.760141849518,0.521100223064,0.523444890976,5.791282176971,0.005999872927,-0.004445021041,-0.002747516613,-0.003236561315,0.001627177000,0.004000976216,1.745206713676,-0.013408855535,-0.012562355958,0.048292204738,0.006696338765,-0.636630356312
17.648000000000,6.267102718353,5.760141372681,5.760141849518,0.521100223064,0.523390471935,5.791379451752,0.005789726507,-0.004444691353,-0.002748755971,-0.003237200668,0.001444556052,0.003775991732,1.745050311089,-0.013410980813,-0.012560993433,0.048290781677,0.007570583839,-0.638458967209
17.668000000000,6.267271995544,5.760141372681,5.760141849518,0.521100223064,0.523338437080,5.791471958160,0.005594993010,-0.004446281120,-0.002747139893,-0.003238791367,0.001276042080,0.003566041589,1.744877815247,-0.013412471861,-0.012561474927,0.048289697617,0.008404228836,-0.640208661556
17.688000000000,6.267437934875,5.760141372681,5.760142326355,0.521100282669,0.523288726807,5.791560173035,0.005410820246,-0.004447672982,-0.002746111015,-0.003240194637,0.001116986852,0.003365273587,1.744697690010,-0.013413817622,-0.012561789714,0.048288688064,0.009199945256,-0.641880333424
17.708000000000,6.267600059509,5.760141372681,5.760142326355,0.521100282669,0.523241281509,5.791645050049,0.005236953963,-0.004449128173,-0.002745457459,-0.003241590224,0.000967596017,0.003177994629,1.744507789612,-0.013415102847,-0.012561802752,0.048287734389,0.009958400391,-0.643481135368
17.728000000000,6.267759323120,5.760141372681,5.760142326355,0.521100282669,0.523196399212,5.791726112366,0.005095382221,-0.004449753556,-0.002752778120,-0.003242034465,0.000852560101,0.003035901580,1.744261980057,-0.013417558745,-0.012558580376,0.048286080360,0.010666666552,-0.645035922527
17.748000000000,6.267915248871,5.760141372681,5.760142326355,0.521100282669,0.523153662682,5.791804313660,0.004937927704,-0.004454436712,-0.002744535683,-0.003245316911,0.000715371105,0.002856180072,1.744063854218,-0.013416063040,-0.012561685406,0.048286691308,0.011350996792,-0.646512269974
17.768000000000,6.268067836761,5.760141372681,5.760142326355,0.521100282669,0.523112833500,5.791878700256,0.004782548640,-0.004453838337,-0.002745021833,-0.003245564178,0.000581097847,0.002688294975,1.743868350983,-0.013417317532,-0.012560627423,0.048285804689,0.012006161734,-0.647922217846
17.788000000000,6.268218040466,5.760141372681,5.760142326355,0.521100282669,0.523074090481,5.791950225830,0.004658931866,-0.004453172907,-0.002751007676,-0.003245214932,0.000480187271,0.002561789006,1.743616580963,-0.013419810683,-0.012558328919,0.048284165561,0.012618085369,-0.649291217327
17.808000000000,6.268365859985,5.760141372681,5.760142326355,0.521100342274,0.523037433624,5.792019367218,0.004537256900,-0.004456339870,-0.002749869833,-0.003247201908,0.000378438184,0.002430011053,1.743372797966,-0.013419571333,-0.012558558024,0.048284064978,0.013199944980,-0.650608301163
17.828000000000,6.268510818481,5.760141372681,5.760142326355,0.521100282669,0.523002326488,5.792085647583,0.004392964765,-0.004458991345,-0.002743209479,-0.003249442438,0.000250701996,0.002268397482,1.743185639381,-0.013418251649,-0.012559947558,0.048284668475,0.013767870143,-0.651854157448
17.848000000000,6.268652915955,5.760141372681,5.760142326355,0.521100282669,0.522968828678,5.792148590088,0.004271389917,-0.004456575960,-0.002749091014,-0.003248301568,0.000148348801,0.002142840531,1.742955088615,-0.013420685194,-0.012556913309,0.048283129930,0.014303258620,-0.653055489063
17.868000000000,6.268792629242,5.760141372681,5.760142326355,0.521100282669,0.522936582565,5.792209148407,0.004136231262,-0.004459343851,-0.002740263706,-0.003250503447,0.000027535476,0.001987360651,1.742767810822,-0.013419620693,-0.012560292147,0.048283599317,0.014826413244,-0.654190123081
17.888000000000,6.268929481506,5.760141372681,5.760142326355,0.521100282669,0.522905528545,5.792266368866,0.004006927833,-0.004458154552,-0.002740386175,-0.003250330687,-0.000085956643,0.001847986365,1.742573022842,-0.013420955278,-0.012559597380,0.048282764852,0.015329332091,-0.655271351337
17.908000000000,6.269063949585,5.760141372681,5.760142326355,0.521100282669,0.522875726223,5.792321205139,0.003889217740,-0.004458558746,-0.002739069983,-0.003250941867,-0.000188288730,0.001721257344,1.742364883423,-0.013421889395,-0.012559962459,0.048282150179,0.015810072422,-0.656306028366
17.928000000000,6.269196033478,5.760141372681,5.760142326355,0.521100342274,0.522847175598,5.792373657227,0.003782637883,-0.004459309392,-0.002738853917,-0.003251584014,-0.000279555767,0.001607485814,1.742141962051,-0.013422622345,-0.012559772469,0.048281673342,0.016267426312,-0.657299160957
17.948000000000,6.269326210022,5.760141372681,5.760142326355,0.521100342274,0.522819995880,5.792423725128,0.003684112104,-0.004460065626,-0.002738396404,-0.003252176335,-0.000363482250,0.001500474289,1.741910576820,-0.013423130848,-0.012559726834,0.048281326890,0.016702717170,-0.658251583576
17.968000000000,6.269454956055,5.760141372681,5.760142326355,0.521100342274,0.522794306278,5.792472362518,0.003607794410,-0.004459792282,-0.002743983641,-0.003251845483,-0.000423567137,0.001424686401,1.741637945175,-0.013424636796,-0.012557197362,0.048280380666,0.017106937245,-0.659180819988
17.988000000000,6.269581794739,5.760141372681,5.760142326355,0.521100342274,0.522770047188,5.792519092560,0.003532998729,-0.004461924080,-0.002743206918,-0.003253006376,-0.000484490127,0.001342780772,1.741369605064,-0.013424151577,-0.012557239272,0.048280548304,0.017489779741,-0.660077214241
18.008000000000,6.269707202911,5.760141372681,5.760142326355,0.521100342274,0.522746920586,5.792563915253,0.003439466003,-0.004463269841,-0.002737327712,-0.003254141891,-0.000567146169,0.001233557821,1.741147279739,-0.013422938995,-0.012558879331,0.048281189054,0.017864832655,-0.660923361778
18.028000000000,6.269830703735,5.760141372681,5.760142326355,0.521100342274,0.522724628448,5.792606830597,0.003348312574,-0.004461776000,-0.002736899769,-0.003253568895,-0.000646638800,0.001134505146,1.740922570229,-0.013423693366,-0.012558241375,0.048280756921,0.018225543201,-0.661731302738
18.048000000000,6.269952297211,5.760141372681,5.760142326355,0.521100342274,0.522703468800,5.792647838593,0.003279985161,-0.004460752476,-0.002741286065,-0.003252854338,-0.000701582816,0.001066835597,1.740656256676,-0.013425206766,-0.012556138448,0.048279851675,0.018560910597,-0.662519752979
18.068000000000,6.270072460175,5.760141372681,5.760142326355,0.521100342274,0.522683203220,5.792687416077,0.003199269297,-0.004463173915,-0.002734696027,-0.003254466690,-0.000772919098,0.000971626607,1.740425944328,-0.013423807919,-0.012558529153,0.048280611634,0.018888765946,-0.663265466690
18.088000000000,6.270191192627,5.760141372681,5.760142326355,0.521100342274,0.522663772106,5.792725086212,0.003120365087,-0.004461830482,-0.002734853188,-0.003253875766,-0.000841370551,0.000885681191,1.740193605423,-0.013424453326,-0.012557764538,0.048280250281,0.019203871489,-0.663977682590
18.108000000000,6.270308017731,5.760141372681,5.760142326355,0.521100342274,0.522645056248,5.792760848999,0.003046807135,-0.004461495206,-0.002733373549,-0.003253808478,-0.000905065041,0.000804315147,1.739955782890,-0.013424839824,-0.012558093295,0.048280030489,0.019505986944,-0.664658904076
18.128000000000,6.270423889160,5.760141372681,5.760142326355,0.521100342274,0.522627353668,5.792795658112,0.002997612348,-0.004460354801,-0.002738691168,-0.003252849914,-0.000942235056,0.000756949012,1.739671707153,-0.013426396996,-0.012555937283,0.048279114068,0.019782980904,-0.665329158306
18.148000000000,6.270538806915,5.760141372681,5.760142326355,0.521100401878,0.522610783577,5.792829513550,0.002949293703,-0.004462150857,-0.002737820847,-0.003253699513,-0.000980559969,0.000703507510,1.739392399788,-0.013425748795,-0.012556084432,0.048279426992,0.020044840872,-0.665978193283
18.168000000000,6.270652770996,5.760141372681,5.760142326355,0.521100401878,0.522595047951,5.792861938477,0.002894992242,-0.004462616984,-0.002737643197,-0.003253964474,-0.001025544712,0.000644523185,1.739128351212,-0.013425210491,-0.012555187568,0.048279706389,0.020295869559,-0.666601955891
18.188000000000,6.270765781403,5.760141372681,5.760142326355,0.521100401878,0.522580087185,5.792893409729,0.002840304514,-0.004462178331,-0.002737055067,-0.003253720002,-0.001071589300,0.000583929534,1.738867521286,-0.013425077312,-0.012554760091,0.048279769719,0.020536223426,-0.667200565338
18.208000000000,6.270877361298,5.760141372681,5.760142326355,0.521100401878,0.522565782070,5.792923450470,0.002788370010,-0.004461451899,-0.002736494644,-0.003253250849,-0.001115283929,0.000525523443,1.738603591919,-0.013425203972,-0.012554710731,0.048279687762,0.020765729249,-0.667776107788
18.228000000000,6.270987987518,5.760141372681,5.760142326355,0.521100401878,0.522552132607,5.792952537537,0.002736118622,-0.004461248871,-0.002735646209,-0.003253118368,-0.001159604406,0.000468178070,1.738345742226,-0.013425085694,-0.012554516084,0.048279758543,0.020986268297,-0.668329417706
18.249000000000,6.271097660065,5.760141372681,5.760142326355,0.521100401878,0.522539019585,5.792980670929,0.002685081679,-0.004460873082,-0.002734985435,-0.003252889030,-0.001203045249,0.000411863643,1.738088607788,-0.013425020501,-0.012554264627,0.048279806972,0.021198034286,-0.668860375881
18.268000000000,6.271205902100,5.760141372681,5.760142326355,0.521100401878,0.522526443005,5.793007373810,0.002635595854,-0.004460490309,-0.002734286943,-0.003252652707,-0.001245229621,0.000357337121,1.737831473351,-0.013424988836,-0.012554064393,0.048279844224,0.021401416510,-0.669370055199
18.288000000000,6.271313667297,5.760141372681,5.760142326355,0.521100401878,0.522514402866,5.793033123016,0.002588139381,-0.004460089374,-0.002733583329,-0.003252401249,-0.001285621198,0.000304961344,1.737574934959,-0.013424968347,-0.012553896755,0.048279881477,0.021596642211,-0.669859409332
18.308000000000,6.271420001984,5.760141372681,5.760142326355,0.521100401878,0.522502839565,5.793057918549,0.002540310612,-0.004459999967,-0.002732712310,-0.003252380528,-0.001326553407,0.000253500213,1.737321496010,-0.013424750417,-0.012553500012,0.048280045390,0.021785032004,-0.670328795910
18.328000000000,6.271525859833,5.760141372681,5.760142326355,0.521100342274,0.522491514683,5.793081283569,0.002482759766,-0.004460118245,-0.002727206564,-0.003252690891,-0.001379237627,0.000184217366,1.737093687057,-0.013423914090,-0.012555262074,0.048280585557,0.021973747760,-0.670766532421
18.348000000000,6.271629810333,5.760141372681,5.760142326355,0.521100342274,0.522480428219,5.793103694916,0.002430683468,-0.004458349198,-0.002726747189,-0.003251800081,-0.001425115974,0.000127545703,1.736854314804,-0.013424584642,-0.012554962188,0.048280287534,0.022156054154,-0.671184003353
18.368000000000,6.271733283997,5.760141372681,5.760142326355,0.521100401878,0.522469758987,5.793124675751,0.002387238201,-0.004457821604,-0.002725716215,-0.003251511371,-0.001462298445,0.000080030812,1.736604094505,-0.013424951583,-0.012555235997,0.048280145973,0.022329732776,-0.671585500240
18.388000000000,6.271835803986,5.760141372681,5.760142326355,0.521100401878,0.522459506989,5.793145179749,0.002349175978,-0.004457437899,-0.002724990947,-0.003251258517,-0.001494235243,0.000037028087,1.736344337463,-0.013425134122,-0.012555422261,0.048280090094,0.022495167330,-0.671971082687
18.408000000000,6.271937847137,5.760141372681,5.760142326355,0.521100401878,0.522449970245,5.793164730072,0.002332285978,-0.004456285387,-0.002729778411,-0.003250214271,-0.001503000618,0.000023746472,1.736042261124,-0.013426308520,-0.012553548440,0.048279445618,0.022641677409,-0.672358334064
18.428000000000,6.272039413452,5.760141372681,5.760142326355,0.521100401878,0.522440910339,5.793183803558,0.002299182350,-0.004458473064,-0.002723950893,-0.003251523012,-0.001531539718,-0.000018891964,1.735780119896,-0.013424489647,-0.012555453926,0.048280499876,0.022787908092,-0.672723472118
18.448000000000,6.272140502930,5.760141372681,5.760142326355,0.521100401878,0.522432267666,5.793202400208,0.002267140197,-0.004456859548,-0.002724557184,-0.003250606824,-0.001557769952,-0.000053579595,1.735513806343,-0.013424742967,-0.012554465793,0.048280421644,0.022927077487,-0.673075199127
18.468000000000,6.272240638733,5.760141849518,5.760142326355,0.521100401878,0.522424280643,5.793220520020,0.002251556143,-0.004455658607,-0.002728190273,-0.003249620786,-0.001566236140,-0.000065840242,1.735214591026,-0.013425522484,-0.012552679516,0.048280011863,0.023051118478,-0.673427462578
18.488000000000,6.272340774536,5.760141849518,5.760142326355,0.521100401878,0.522416830063,5.793238162994,0.002238145564,-0.004456147086,-0.002727687592,-0.003249608912,-0.001573999645,-0.000082916522,1.734915256500,-0.013424956240,-0.012552874163,0.048280339688,0.023165995255,-0.673772335052
18.508000000000,6.272440433502,5.760141372681,5.760142326355,0.521100401878,0.522409677505,5.793255329132,0.002203857293,-0.004456815775,-0.002722473815,-0.003250135807,-0.001604844118,-0.000126644110,1.734660983086,-0.013423358090,-0.012554105371,0.048281300813,0.023285031319,-0.674093782902
18.528000000000,6.272539615631,5.760141849518,5.760142326355,0.521100401878,0.522402942181,5.793271541595,0.002186487662,-0.004453870468,-0.002727237297,-0.003248189110,-0.001615863293,-0.000140997799,1.734368801117,-0.013424661011,-0.012551730499,0.048280619085,0.023390999064,-0.674414694309
18.548000000000,6.272638320923,5.760141849518,5.760142326355,0.521100401878,0.522396564484,5.793287754059,0.002167508006,-0.004454838112,-0.002725632396,-0.003248584690,-0.001629994600,-0.000161517644,1.734085440636,-0.013423766941,-0.012551825494,0.048281166703,0.023492040113,-0.674727857113
18.568000000000,6.272736549377,5.760141849518,5.760142326355,0.521100401878,0.522390604019,5.793303489685,0.002149559325,-0.004453909583,-0.002725841710,-0.003247854067,-0.001643394586,-0.000183731157,1.733799457550,-0.013423546217,-0.012551458552,0.048281326890,0.023587599397,-0.675030529499
18.588000000000,6.272834300995,5.760141849518,5.760142326355,0.521100401878,0.522384881973,5.793318748474,0.002129171509,-0.004453415982,-0.002725105034,-0.003247440793,-0.001659420319,-0.000206643483,1.733520984650,-0.013423131779,-0.012551209889,0.048281613737,0.023679787293,-0.675324261189
18.608000000000,6.272931575775,5.760141372681,5.760142326355,0.521100401878,0.522379219532,5.793333053589,0.002092518378,-0.004453548696,-0.002719575772,-0.003247707617,-0.001693756320,-0.000252918660,1.733279347420,-0.013421796262,-0.012552648783,0.048282459378,0.023778151721,-0.675594270229
18.628000000000,6.273028373718,5.760141849518,5.760142326355,0.521100401878,0.522373795509,5.793346881866,0.002074988093,-0.004450507462,-0.002724101301,-0.003245720174,-0.001705851173,-0.000267360825,1.732995390892,-0.013423230499,-0.012550491840,0.048281729221,0.023865252733,-0.675864517689
18.648000000000,6.273124694824,5.760141372681,5.760142326355,0.521100401878,0.522368431091,5.793360710144,0.002044844907,-0.004451980349,-0.002717838855,-0.003246648237,-0.001733642188,-0.000306179543,1.732744336128,-0.013421652839,-0.012552622706,0.048282705247,0.023956704885,-0.676115751266
18.668000000000,6.273220539093,5.760141372681,5.760142326355,0.521100401878,0.522363126278,5.793373107910,0.002018282423,-0.004450171720,-0.002718304750,-0.003245600034,-0.001756353769,-0.000334803946,1.732484221458,-0.013421990909,-0.012551843189,0.048282615840,0.024044837803,-0.676356673241
18.688000000000,6.273315906525,5.760141849518,5.760142326355,0.521100461483,0.522358238697,5.793385505676,0.002017438645,-0.004447922111,-0.002721086377,-0.003243961371,-0.001752179116,-0.000336208439,1.732169389725,-0.013423598371,-0.012551937252,0.048281848431,0.024117505178,-0.676603138447
18.708000000000,6.273411273956,5.760141849518,5.760142326355,0.521100461483,0.522353768349,5.793397903442,0.002007378964,-0.004449822009,-0.002721181605,-0.003244718770,-0.001757600112,-0.000343583350,1.731882214546,-0.013422087766,-0.012550614774,0.048282649368,0.024188002571,-0.676847696304
18.728000000000,6.273506164551,5.760141849518,5.760142326355,0.521100401878,0.522349417210,5.793409824371,0.001983061666,-0.004450042266,-0.002716865623,-0.003244949272,-0.001779732411,-0.000376455166,1.731623172760,-0.013420611620,-0.012551507913,0.048283562064,0.024262296036,-0.677072227001
18.748000000000,6.273600578308,5.760141849518,5.760142326355,0.521100461483,0.522345364094,5.793421745300,0.001974237384,-0.004447026644,-0.002721064491,-0.003242961364,-0.001783771091,-0.000382758823,1.731329202652,-0.013421821408,-0.012549492531,0.048282947391,0.024326546118,-0.677298843861
18.768000000000,6.273694992065,5.760141849518,5.760142326355,0.521100461483,0.522341489792,5.793433189392,0.001964139286,-0.004447748419,-0.002719550626,-0.003243199782,-0.001790243201,-0.000393586437,1.731043219566,-0.013420974836,-0.012549605221,0.048283487558,0.024387653917,-0.677522003651
18.788000000000,6.273788928986,5.760141849518,5.760142326355,0.521100401878,0.522337734699,5.793444156647,0.001941403840,-0.004447672050,-0.002715212991,-0.003243218176,-0.001811125316,-0.000424960570,1.730783224106,-0.013419772498,-0.012550816871,0.048284251243,0.024453097954,-0.677727341652
18.808000000000,6.273882865906,5.760141849518,5.760142326355,0.521100461483,0.522334158421,5.793454647064,0.001934190630,-0.004444846883,-0.002719330834,-0.003241317114,-0.001813817071,-0.000429409731,1.730489253998,-0.013420942239,-0.012548899278,0.048283666372,0.024509066716,-0.677935898304
18.828000000000,6.273976325989,5.760141849518,5.760142326355,0.521100461483,0.522330820560,5.793465137482,0.001928098965,-0.004445342813,-0.002718145959,-0.003241358092,-0.001816509874,-0.000436895469,1.730195999146,-0.013420261443,-0.012549180537,0.048284105957,0.024561179802,-0.678142368793
18.848000000000,6.274069786072,5.760141849518,5.760142326355,0.521100461483,0.522327721119,5.793475151062,0.001920144772,-0.004444799852,-0.002718109172,-0.003240854945,-0.001821232494,-0.000446999067,1.729907512665,-0.013419770636,-0.012548717670,0.048284444958,0.024610735476,-0.678343713284
18.868000000000,6.274163246155,5.760141849518,5.760142326355,0.521100461483,0.522324800491,5.793485641479,0.001910776831,-0.004444085527,-0.002717599971,-0.003240286140,-0.001827550936,-0.000458297436,1.729622006416,-0.013419337571,-0.012548418716,0.048284757882,0.024658344686,-0.678540170193
18.888000000000,6.274256229401,5.760141849518,5.760142326355,0.521100461483,0.522321999073,5.793495178223,0.001898401999,-0.004443570040,-0.002716862829,-0.003239892190,-0.001837028656,-0.000471879524,1.729343175888,-0.013418775052,-0.012547954917,0.048285160214,0.024705292657,-0.678730845451
18.910000000000,6.274349212646,5.760141849518,5.760142326355,0.521100461483,0.522319316864,5.793504714966,0.001889100065,-0.004442320671,-0.002716529183,-0.003238995094,-0.001843561535,-0.000484367978,1.729058384895,-0.013418643735,-0.012547883205,0.048285305500,0.024749627337,-0.678916156292
18.928000000000,6.274441719055,5.760141849518,5.760142326355,0.521100461483,0.522316694260,5.793514251709,0.001879068208,-0.004441672005,-0.002715861192,-0.003238466801,-0.001850799774,-0.000496023858,1.728775858879,-0.013418280520,-0.012547723949,0.048285592347,0.024792628363,-0.679097414017
18.948000000000,6.274534225464,5.760141849518,5.760142326355,0.521100461483,0.522314190865,5.793523311615,0.001869380125,-0.004440911580,-0.002715355484,-0.003237875411,-0.001857773052,-0.000507757126,1.728494167328,-0.013417934068,-0.012547503226,0.048285868019,0.024834081531,-0.679273962975
18.969000000000,6.274626255035,5.760141849518,5.760142326355,0.521100461483,0.522311806679,5.793532371521,0.001857769443,-0.004440401681,-0.002714630216,-0.003237482626,-0.001866718521,-0.000520428759,1.728217005730,-0.013417434879,-0.012547102757,0.048286240548,0.024875072762,-0.679445445538
18.988000000000,6.274717807770,5.760141849518,5.760142326355,0.521100461483,0.522309243679,5.793540477753,0.001836173818,-0.004440082703,-0.002709892811,-0.003237386933,-0.001887253486,-0.000550167228,1.727962613106,-0.013416402042,-0.012548558414,0.048286933452,0.024921646342,-0.679601073265
19.008000000000,6.274809360504,5.760141849518,5.760142326355,0.521100461483,0.522306680679,5.793548583984,0.001817012904,-0.004438002594,-0.002709246939,-0.003236203687,-0.001904268283,-0.000572606805,1.727703094482,-0.013416699134,-0.012548406608,0.048286888748,0.024968547747,-0.679748654366
19.028000000000,6.274900436401,5.760141849518,5.760142326355,0.521100461483,0.522304058075,5.793556213379,0.001804540632,-0.004437186290,-0.002708534943,-0.003235633485,-0.001914058463,-0.000585618953,1.727430462837,-0.013416775502,-0.012548444793,0.048286959529,0.025012481958,-0.679894328117
19.052000000000,6.274991035461,5.760141849518,5.760142326355,0.521100461483,0.522301554680,5.793563365936,0.001796918223,-0.004436614458,-0.002708107932,-0.003235150594,-0.001918972353,-0.000594999001,1.727149486542,-0.013416642323,-0.012548441999,0.048287130892,0.025053117424,-0.680037260056
19.068000000000,6.275082111359,5.760141849518,5.760142803192,0.521100461483,0.522299408913,5.793570995331,0.001811021473,-0.004434516188,-0.002711320529,-0.003233531024,-0.001900912379,-0.000580504944,1.726821541786,-0.013417962939,-0.012548259459,0.048286523670,0.025079924613,-0.680190861225
19.088000000000,6.275173187256,5.760141849518,5.760142803192,0.521100461483,0.522297620773,5.793578624725,0.001812473871,-0.004436512478,-0.002711290261,-0.003234346397,-0.001895933994,-0.000574752456,1.726525187492,-0.013416171074,-0.012546728365,0.048287503421,0.025106763467,-0.680347263813
19.108000000000,6.275263786316,5.760141849518,5.760142326355,0.521100461483,0.522295892239,5.793586254120,0.001802023966,-0.004436157644,-0.002707429463,-0.003234161763,-0.001905279933,-0.000593742763,1.726251006126,-0.013414818794,-0.012547661550,0.048288349062,0.025137562305,-0.680488705635
19.128000000000,6.275354862213,5.760141849518,5.760142326355,0.521100461483,0.522294163704,5.793593406677,0.001790622133,-0.004434107337,-0.002706931205,-0.003232964315,-0.001914454391,-0.000606742396,1.725978851318,-0.013414884917,-0.012547204271,0.048288423568,0.025168592110,-0.680625736713
19.148000000000,6.275444984436,5.760141849518,5.760142326355,0.521100461483,0.522292435169,5.793600082397,0.001782359439,-0.004433110356,-0.002705945866,-0.003232290735,-0.001920404960,-0.000616498408,1.725699067116,-0.013414721936,-0.012547244318,0.048288613558,0.025198256597,-0.680760085583
19.168000000000,6.275535583496,5.760141849518,5.760142803192,0.521100461483,0.522290945053,5.793607234955,0.001790071023,-0.004431432113,-0.002709771041,-0.003230924485,-0.001908814651,-0.000605294073,1.725387692451,-0.013415444642,-0.012545689940,0.048288267106,0.025218119845,-0.680903315544
19.188000000000,6.275626182556,5.760141849518,5.760142803192,0.521100461483,0.522289574146,5.793613910675,0.001782385400,-0.004432916176,-0.002704737475,-0.003231733339,-0.001915226807,-0.000618590158,1.725110769272,-0.013413621113,-0.012547165155,0.048289369792,0.025243196636,-0.681037306786
19.208000000000,6.275716304779,5.760141849518,5.760142326355,0.521100461483,0.522288143635,5.793620586395,0.001774039818,-0.004431041423,-0.002704979619,-0.003230589442,-0.001921402756,-0.000629024871,1.724832177162,-0.013413588516,-0.012546436861,0.048289485276,0.025268105790,-0.681166112423
19.228000000000,6.275806427002,5.760141849518,5.760142326355,0.521100461483,0.522286772728,5.793627262115,0.001767773530,-0.004430091940,-0.002704012441,-0.003229930531,-0.001925477874,-0.000636597630,1.724551439285,-0.013413386419,-0.012546459213,0.048289693892,0.025292001665,-0.681293129921
19.248000000000,6.275896549225,5.760141849518,5.760142803192,0.521100461483,0.522285461426,5.793633937836,0.001763298642,-0.004429288674,-0.002703506965,-0.003229324007,-0.001927688136,-0.000642484112,1.724267005920,-0.013413128443,-0.012546317652,0.048289932311,0.025314483792,-0.681418180466
19.268000000000,6.275986194611,5.760141849518,5.760142803192,0.521100461483,0.522284150124,5.793640136719,0.001759061473,-0.004428450949,-0.002702804748,-0.003228699090,-0.001929822494,-0.000649086724,1.723982095718,-0.013412826695,-0.012546304613,0.048290181905,0.025336284190,-0.681540369987
19.288000000000,6.276076316833,5.760141849518,5.760142803192,0.521100521088,0.522283136845,5.793646335602,0.001770108473,-0.004426855594,-0.002706870902,-0.003227356356,-0.001914854045,-0.000633183110,1.723665595055,-0.013413481414,-0.012544541620,0.048289876431,0.025348043069,-0.681673943996
19.308000000000,6.276166439056,5.760141849518,5.760142803192,0.521100521088,0.522282361984,5.793653011322,0.001778892940,-0.004427506123,-0.002706232015,-0.003227400826,-0.001903472585,-0.000624978973,1.723354458809,-0.013412489556,-0.012544524856,0.048290479928,0.025357101113,-0.681810021400
19.328000000000,6.276256561279,5.760141849518,5.760142803192,0.521100521088,0.522281825542,5.793659687042,0.001782629988,-0.004426886793,-0.002706261817,-0.003226812696,-0.001897417940,-0.000622514286,1.723053216934,-0.013411759399,-0.012543908320,0.048290949315,0.025365555659,-0.681945025921
19.348000000000,6.276347160339,5.760141849518,5.760142803192,0.521100521088,0.522281289101,5.793666362762,0.001782640931,-0.004426012747,-0.002705733525,-0.003226129804,-0.001895352500,-0.000623795437,1.722759485245,-0.013411155902,-0.012543511577,0.048291359097,0.025374261662,-0.682078421116
19.368000000000,6.276436805725,5.760141849518,5.760142803192,0.521100461483,0.522280633450,5.793673038483,0.001766541856,-0.004425935913,-0.002700796584,-0.003226181725,-0.001911020954,-0.000646342873,1.722499132156,-0.013409699313,-0.012544615194,0.048292290419,0.025391696021,-0.682198166847
19.388000000000,6.276526927948,5.760141849518,5.760142803192,0.521100461483,0.522279798985,5.793678760529,0.001752516953,-0.004423632286,-0.002700391226,-0.003224858083,-0.001923530828,-0.000662642356,1.722235202789,-0.013409882784,-0.012544174679,0.048292309046,0.025410862640,-0.682311713696
19.411000000000,6.276616096497,5.760141849518,5.760142803192,0.521100461483,0.522278785706,5.793684482574,0.001742781140,-0.004422590137,-0.002699330449,-0.003224159591,-0.001931519713,-0.000673780218,1.721961617470,-0.013409814797,-0.012544316240,0.048292458057,0.025430111215,-0.682422697544
19.428000000000,6.276705741882,5.760141849518,5.760142803192,0.521100521088,0.522277951241,5.793690681458,0.001746215159,-0.004421389196,-0.002702525351,-0.003223152133,-0.001924739685,-0.000665754604,1.721663236618,-0.013410261832,-0.012542665005,0.048292305321,0.025442374870,-0.682541370392
19.448000000000,6.276794910431,5.760141849518,5.760142803192,0.521100461483,0.522277116776,5.793696403503,0.001741357730,-0.004422058817,-0.002698268974,-0.003223428968,-0.001928699668,-0.000677693111,1.721382498741,-0.013408956118,-0.012544311583,0.048293109983,0.025458330289,-0.682651400566
19.468000000000,6.276884078979,5.760141849518,5.760142803192,0.521100461483,0.522276222706,5.793701648712,0.001735593192,-0.004420474637,-0.002698322525,-0.003222424071,-0.001932491432,-0.000684804691,1.721103549004,-0.013408904895,-0.012543758377,0.048293244094,0.025474505499,-0.682758927345
19.488000000000,6.276973247528,5.760141849518,5.760142803192,0.521100521088,0.522275388241,5.793707370758,0.001732366742,-0.004419620149,-0.002697521821,-0.003221797757,-0.001933729742,-0.000689187727,1.720819830894,-0.013408684172,-0.012543763965,0.048293463886,0.025489585474,-0.682865738869
19.508000000000,6.277062416077,5.760141849518,5.760142803192,0.521100521088,0.522274553776,5.793712615967,0.001729952754,-0.004418740980,-0.002696842654,-0.003221146064,-0.001934245927,-0.000693842769,1.720534443855,-0.013408399187,-0.012543761171,0.048293713480,0.025504110381,-0.682970583439
19.528000000000,6.277151584625,5.760141849518,5.760142803192,0.521100521088,0.522273778915,5.793717861176,0.001730365446,-0.004418111406,-0.002696885960,-0.003220598213,-0.001931400388,-0.000692273083,1.720243334770,-0.013408153318,-0.012543281540,0.048293955624,0.025516023859,-0.683077991009
19.548000000000,6.277240753174,5.760141849518,5.760142803192,0.521100521088,0.522273123264,5.793723106384,0.001731130527,-0.004417461343,-0.002696182113,-0.003220044076,-0.001928713988,-0.000693877693,1.719951391220,-0.013407697901,-0.012543287128,0.048294287175,0.025526942685,-0.683183848858
19.568000000000,6.277329444885,5.760141849518,5.760142803192,0.521100521088,0.522272527218,5.793728351593,0.001731362892,-0.004416626412,-0.002695778385,-0.003219399136,-0.001926422119,-0.000694591668,1.719660639763,-0.013407343067,-0.012543028221,0.048294577748,0.025536986068,-0.683289706707
19.588000000000,6.277418613434,5.760141849518,5.760142803192,0.521100521088,0.522272169590,5.793734073639,0.001743182773,-0.004415206145,-0.002699369332,-0.003218202153,-0.001911140047,-0.000678198412,1.719346165657,-0.013407720253,-0.012541224249,0.048294428736,0.025539055467,-0.683405697346
19.608000000000,6.277508258820,5.760141849518,5.760142803192,0.521100521088,0.522271990776,5.793739795685,0.001754943980,-0.004415269475,-0.002698939759,-0.003217880847,-0.001897100243,-0.000667833199,1.719031572342,-0.013406935148,-0.012541311793,0.048294916749,0.025538174435,-0.683524906635
19.628000000000,6.277597427368,5.760141849518,5.760142803192,0.521100521088,0.522271990776,5.793745517731,0.001760820160,-0.004414734896,-0.002698833123,-0.003217327176,-0.001889151288,-0.000662742008,1.718727469444,-0.013406163082,-0.012540753931,0.048295415938,0.025537341833,-0.683644711971
19.648000000000,6.277687072754,5.760141849518,5.760142803192,0.521100521088,0.522272050381,5.793751716614,0.001760730753,-0.004414080642,-0.002698128810,-0.003216808196,-0.001887445454,-0.000663338869,1.718437790871,-0.013405355625,-0.012540159747,0.048295952380,0.025538207963,-0.683762788773
19.668000000000,6.277776718140,5.760141849518,5.760142803192,0.521100521088,0.522272050381,5.793757438660,0.001761234947,-0.004412663635,-0.002697799122,-0.003215787001,-0.001885306207,-0.000665183936,1.718143939972,-0.013405037113,-0.012539959513,0.048296209425,0.025539074093,-0.683879017830
19.688000000000,6.277865886688,5.760141849518,5.760142803192,0.521100521088,0.522271871567,5.793763160706,0.001745852758,-0.004412689246,-0.002692750655,-0.003215884324,-0.001900508767,-0.000686602085,1.717885375023,-0.013403605670,-0.012541172095,0.048297133297,0.025549300015,-0.683983027935
19.708000000000,6.277955055237,5.760141849518,5.760142803192,0.521100521088,0.522271454334,5.793768405914,0.001733120997,-0.004410418216,-0.002692428883,-0.003214566270,-0.001911976957,-0.000701495213,1.717620491982,-0.013403790072,-0.012540736236,0.048297159374,0.025561530143,-0.684081435204
19.728000000000,6.278043746948,5.760141849518,5.760142803192,0.521100521088,0.522270917892,5.793773174286,0.001725061797,-0.004409365822,-0.002691397443,-0.003213867079,-0.001918617287,-0.000710775203,1.717346787453,-0.013403732330,-0.012540892698,0.048297312111,0.025574076921,-0.684178054333
19.748000000000,6.278132438660,5.760141849518,5.760142803192,0.521100521088,0.522270500660,5.793778419495,0.001742819091,-0.004406816792,-0.002693059621,-0.003212284530,-0.001898805611,-0.000695013849,1.717016100883,-0.013405759819,-0.012542289682,0.048296451569,0.025573901832,-0.684285998344
19.768000000000,6.278221607208,5.760141849518,5.760142803192,0.521100521088,0.522270143032,5.793783664703,0.001732336474,-0.004409641959,-0.002690172987,-0.003213533899,-0.001907371916,-0.000703736267,1.716755509377,-0.013402569108,-0.012540971860,0.048298135400,0.025585224852,-0.684387862682
19.788000000000,6.278309822083,5.760141849518,5.760142803192,0.521100521088,0.522269725800,5.793788909912,0.001726688119,-0.004407349508,-0.002690766705,-0.003212168347,-0.001911605126,-0.000712716603,1.716476082802,-0.013402581215,-0.012540131807,0.048298235983,0.025595143437,-0.684483230114
19.808000000000,6.278398990631,5.760141849518,5.760142803192,0.521100521088,0.522269427776,5.793793678284,0.001736421604,-0.004405401181,-0.002693940420,-0.003210700816,-0.001898823190,-0.000698870746,1.716167211533,-0.013403347693,-0.012538800016,0.048297889531,0.025597009808,-0.684589624405
19.828000000000,6.278487682343,5.760141849518,5.760142803192,0.521100521088,0.522269308567,5.793798923492,0.001745365909,-0.004405835178,-0.002693280578,-0.003210652387,-0.001887809951,-0.000690274872,1.715859174728,-0.013402478769,-0.012538826093,0.048298440874,0.025596845895,-0.684699296951
19.848000000000,6.278576850891,5.760141849518,5.760142803192,0.521100521088,0.522269308567,5.793804168701,0.001748616807,-0.004405442160,-0.002693077549,-0.003210258903,-0.001882723067,-0.000687349529,1.715564370155,-0.013401667587,-0.012538129464,0.048298981041,0.025597246364,-0.684808492661
19.868000000000,6.278665542603,5.760141849518,5.760142803192,0.521100521088,0.522269129753,5.793809413910,0.001738933497,-0.004405029118,-0.002688562265,-0.003210068913,-0.001892229309,-0.000704043428,1.715295314789,-0.013400402851,-0.012539347634,0.048299800605,0.025604773313,-0.684906184673
19.888000000000,6.278754234314,5.760141849518,5.760142803192,0.521100521088,0.522269010544,5.793814659119,0.001743479865,-0.004402036779,-0.002692402806,-0.003208079142,-0.001884931116,-0.000696157687,1.714994907379,-0.013401409611,-0.012537507340,0.048299334943,0.025606011972,-0.685011446476
19.908000000000,6.278842926025,5.760141849518,5.760142803192,0.521100521088,0.522268950939,5.793819904327,0.001748553244,-0.004402269609,-0.002691228408,-0.003207959235,-0.001878068433,-0.000691546884,1.714696407318,-0.013400666416,-0.012537760660,0.048299830407,0.025606164709,-0.685119271278
19.928000000000,6.278931617737,5.760141849518,5.760142803192,0.521100521088,0.522268950939,5.793825149536,0.001749419840,-0.004401800223,-0.002691006986,-0.003207532456,-0.001875485992,-0.000691106194,1.714406490326,-0.013399942778,-0.012537113391,0.048300325871,0.025607192889,-0.685225963593
19.948000000000,6.279020786285,5.760141849518,5.760142803192,0.521100521088,0.522269010544,5.793830394745,0.001749708783,-0.004400781821,-0.002690569265,-0.003206792288,-0.001873647212,-0.000692175003,1.714117169380,-0.013399505988,-0.012536793947,0.048300664872,0.025608444586,-0.685331404209
19.968000000000,6.279109001160,5.760141849518,5.760142803192,0.521100521088,0.522268772125,5.793835639954,0.001737118699,-0.004400359001,-0.002685684012,-0.003206616268,-0.001886309125,-0.000712649256,1.713854074478,-0.013398314826,-0.012538296171,0.048301447183,0.025617877021,-0.685424268246
19.988000000000,6.279197216034,5.760141849518,5.760142803192,0.521100521088,0.522268414497,5.793840408325,0.001726682065,-0.004398212768,-0.002685291460,-0.003205376444,-0.001895492780,-0.000724655401,1.713587999344,-0.013398532756,-0.012537937611,0.048301462084,0.025628872216,-0.685513615608
20.008000000000,6.279285430908,5.760141849518,5.760142803192,0.521100521088,0.522267937660,5.793845176697,0.001722324290,-0.004397315439,-0.002684567124,-0.003204744542,-0.001898180228,-0.000729106017,1.713310003281,-0.013398475014,-0.012537948787,0.048301618546,0.025638621300,-0.685603797436
20.028000000000,6.279373645782,5.760141849518,5.760142803192,0.521100521088,0.522267639637,5.793849945068,0.001732852892,-0.004396014381,-0.002688227687,-0.003203630447,-0.001884500263,-0.000714058056,1.713000059128,-0.013399000280,-0.012536298484,0.048301406205,0.025640062988,-0.685704290867
20.048000000000,6.279461860657,5.760141849518,5.760142803192,0.521100521088,0.522267401218,5.793854713440,0.001731019816,-0.004396950360,-0.002683415776,-0.003204088192,-0.001885869424,-0.000723087229,1.712718725204,-0.013397413306,-0.012538041919,0.048302382231,0.025646653026,-0.685796558857
20.069000000000,6.279550075531,5.760141849518,5.760142803192,0.521100580692,0.522267282009,5.793859481812,0.001740092994,-0.004394616000,-0.002687860746,-0.003202453256,-0.001873568515,-0.000708518550,1.712411284447,-0.013398127630,-0.012535652146,0.048302076757,0.025646047667,-0.685898840427
20.088000000000,6.279638290405,5.760141849518,5.760142803192,0.521100580692,0.522267282009,5.793864727020,0.001751596224,-0.004394610412,-0.002687033731,-0.003202133812,-0.001860132907,-0.000698380696,1.712100625038,-0.013397445902,-0.012535982765,0.048302523792,0.025642365217,-0.686004996300
20.108000000000,6.279726505280,5.760141849518,5.760142803192,0.521100580692,0.522267460823,5.793869495392,0.001756457728,-0.004394280259,-0.002686762018,-0.003201764775,-0.001853420981,-0.000693432405,1.711804270744,-0.013396587223,-0.012535295449,0.048303090036,0.025639401749,-0.686111807823
20.128000000000,6.279814720154,5.760141849518,5.760142803192,0.521100521088,0.522267520428,5.793874740601,0.001748309238,-0.004393858369,-0.002682295628,-0.003201562678,-0.001861375058,-0.000708510808,1.711535215378,-0.013395299204,-0.012536484748,0.048303924501,0.025643462315,-0.686207771301
20.148000000000,6.279902935028,5.760141849518,5.760142803192,0.521100521088,0.522267580032,5.793879985809,0.001751789823,-0.004391119350,-0.002685924759,-0.003199757542,-0.001855145791,-0.000700787350,1.711239218712,-0.013396098278,-0.012534446083,0.048303585500,0.025642374530,-0.686310887337
20.168000000000,6.279991149902,5.760141849518,5.760142803192,0.521100580692,0.522267699242,5.793885231018,0.001756631071,-0.004391162191,-0.002684796695,-0.003199541708,-0.001848578569,-0.000696611416,1.710942745209,-0.013395392336,-0.012534656562,0.048304066062,0.025640252978,-0.686416029930
20.188000000000,6.280079364777,5.760141849518,5.760142803192,0.521100580692,0.522267878056,5.793889999390,0.001761691179,-0.004390137736,-0.002684881212,-0.003198705148,-0.001841810299,-0.000693403650,1.710644721985,-0.013395009562,-0.012534396723,0.048304364085,0.025637270883,-0.686521530151
20.208000000000,6.280167102814,5.760141849518,5.760142803192,0.521100580692,0.522268116474,5.793895244598,0.001769516850,-0.004388780799,-0.002683530329,-0.003197760088,-0.001832626178,-0.000689434062,1.710339784622,-0.013395025395,-0.012535476126,0.048304524273,0.025632407516,-0.686628639698
20.228000000000,6.280255317688,5.760141849518,5.760142803192,0.521100580692,0.522268354893,5.793900966644,0.001767602982,-0.004388850182,-0.002683763625,-0.003197573591,-0.001832521870,-0.000688493194,1.710060358047,-0.013393841684,-0.012533864006,0.048305206001,0.025631140918,-0.686736285686
20.248000000000,6.280343055725,5.760141849518,5.760142803192,0.521100521088,0.522268354893,5.793906211853,0.001754211495,-0.004388506990,-0.002679217840,-0.003197479062,-0.001845911727,-0.000708736072,1.709802508354,-0.013392503373,-0.012534891255,0.048306085169,0.025637503713,-0.686830461025
20.268000000000,6.280430793762,5.760141849518,5.760142803192,0.521100580692,0.522268354893,5.793910980225,0.001754620229,-0.004385616165,-0.002682824619,-0.003195611993,-0.001842897269,-0.000704424921,1.709514260292,-0.013393448666,-0.012532925233,0.048305679113,0.025638831779,-0.686930775642
20.288000000000,6.280518054962,5.760141849518,5.760142803192,0.521100521088,0.522268176079,5.793915748596,0.001746849623,-0.004386288114,-0.002677612239,-0.003195971483,-0.001850376953,-0.000718500931,1.709246635437,-0.013392082416,-0.012534810230,0.048306562006,0.025645816699,-0.687022864819
20.308000000000,6.280604839325,5.760141849518,5.760142803192,0.521100580692,0.522268116474,5.793920516968,0.001753852586,-0.004383603111,-0.002681914717,-0.003194114426,-0.001840470359,-0.000708162144,1.708946108818,-0.013393057510,-0.012532893568,0.048306122422,0.025645701215,-0.687123119831
20.328000000000,6.280692100525,5.760141849518,5.760142803192,0.521100580692,0.522268116474,5.793925762177,0.001761601889,-0.004383963533,-0.002680826234,-0.003194051795,-0.001830778783,-0.000700624892,1.708648562431,-0.013392296620,-0.012533158064,0.048306636512,0.025643821806,-0.687227308750
20.348000000000,6.280778884888,5.760141849518,5.760142803192,0.521100580692,0.522268235683,5.793931007385,0.001765300054,-0.004383576568,-0.002680712612,-0.003193654818,-0.001825224725,-0.000697075215,1.708357572556,-0.013391550630,-0.012532490306,0.048307154328,0.025642119348,-0.687331676483
20.368000000000,6.280865669250,5.760141849518,5.760142803192,0.521100580692,0.522268235683,5.793935775757,0.001757343998,-0.004383201711,-0.002676287200,-0.003193475073,-0.001832923852,-0.000711803616,1.708093047142,-0.013390329666,-0.012533732690,0.048307958990,0.025646958500,-0.687425792217
