time,pos_x,pos_y,pos_z,q_x,q_y,q_z,q_w,vel_lin_x,vel_lin_y,vel_lin_z,vel_ang_x,vel_ang_y,vel_ang_z
9.346000000000,-0.066285781707,-0.058565197917,0.000000000000,0.000000000000,0.000000000000,0.199302834528,0.979937947091,0.000597042493,0.000000000000,0.000000000000,-0.000181855525,0.000000000000,0.000000000000
9.368000000000,-0.066305057893,-0.058573377160,0.000000000000,0.000000000000,0.000000000000,0.199302985188,0.979937916449,-0.002500652264,0.000000000000,0.000000000000,0.000209809139,0.000000000000,0.000000000000
9.386000000000,-0.066313338709,-0.058576890837,0.000000000000,0.000000000000,0.000000000000,0.199303835817,0.979937743445,0.001501159539,0.000000000000,0.000000000000,-0.000016910422,0.000000000000,0.000000000000
9.406000000000,-0.066350018114,-0.058592454697,0.000000000000,0.000000000000,0.000000000000,0.199304154644,0.979937678601,-0.005485645092,0.000000000000,0.000000000000,0.000081981300,0.000000000000,0.000000000000
9.426000000000,-0.066390035829,-0.058609435078,0.000000000000,0.000000000000,0.000000000000,0.199303514690,0.979937808757,0.001138518577,0.000000000000,0.000000000000,-0.000212592579,0.000000000000,0.000000000000
9.446000000000,-0.066298333387,-0.058576276671,0.000000000000,0.000000000000,0.000000000000,0.199335632536,0.979931275958,0.008598372934,-0.000530135951,0.000000000000,0.006767692991,0.000000000000,0.000000000000
9.466000000000,-0.066244259880,-0.058557564517,0.000000000000,0.000000000000,0.000000000000,0.199360016323,0.979926315542,-0.002889705555,0.000140298789,0.000000000000,-0.001791048376,0.000000000000,0.000000000000
9.486000000000,-0.066267699448,-0.058564208756,0.000000000000,0.000000000000,0.000000000000,0.199340987114,0.979930186726,0.000472459481,0.000163931930,0.000000000000,-0.002092748041,0.000000000000,0.000000000000
9.507000000000,-0.066291355673,-0.058569946150,0.000000000000,0.000000000000,0.000000000000,0.199316223138,0.979935223979,-0.002759866967,0.000213128912,0.000000000000,-0.002720794622,0.000000000000,0.000000000000
9.527000000000,-0.066286306392,-0.058565511707,0.000000000000,0.000000000000,0.000000000000,0.199004745844,0.979998526086,0.003397901593,0.000000000000,0.000000000000,-0.060848148154,0.000000000000,0.000000000000
9.547000000000,-0.066261536293,-0.058555014619,0.000000000000,0.000000000000,0.000000000000,0.198719956504,0.980056314141,-0.000707647702,-0.000000000000,0.000000000000,0.002729501193,0.000000000000,0.000000000000
9.566000000000,-0.065733819648,-0.058332157446,0.000000000000,0.000000000000,0.000000000000,0.198469110386,0.980107143236,0.061007009489,0.000000000000,0.000000000000,-0.056612465437,0.000000000000,0.000000000000
9.586000000000,-0.064438004616,-0.057785744011,0.000000000000,0.000000000000,0.000000000000,0.198001672842,0.980201682080,0.079623878996,0.000000000000,0.000000000000,-0.038767921316,0.000000000000,0.000000000000
9.606000000000,-0.062851329915,-0.057118008219,0.000000000000,0.000000000000,0.000000000000,0.197731742016,0.980256169682,0.092521638478,0.000000000000,0.000000000000,-0.016307136642,0.000000000000,0.000000000000
9.626000000000,-0.061002215500,-0.056340289293,0.000000000000,0.000000000000,0.000000000000,0.197770403033,0.980248370406,0.108079230280,-0.000000000000,0.000000000000,0.024195109617,0.000000000000,0.000000000000
9.646000000000,-0.059013146810,-0.055503343569,0.000000000000,0.000000000000,0.000000000000,0.197887111410,0.980224816630,0.107718648883,0.000000000000,0.000000000000,-0.000382822328,0.000000000000,0.000000000000
9.668000000000,-0.056778517318,-0.054562769165,0.000000000000,0.000000000000,0.000000000000,0.197883359705,0.980225574014,0.112691359279,0.000000000000,0.000000000000,-0.000313066973,0.000000000000,0.000000000000
9.676000000000,-0.055929528939,-0.054205426798,0.000000000000,0.000000000000,0.000000000000,0.197883106183,0.980225625194,0.117590374943,-0.000000000000,0.000000000000,0.000183748806,0.000000000000,0.000000000000
9.706000000000,-0.052615872245,-0.052810653496,0.000000000000,0.000000000000,0.000000000000,0.197893924100,0.980223441264,0.122091944939,-0.000000000000,0.000000000000,0.001287739483,0.000000000000,0.000000000000
9.727000000000,-0.050239569992,-0.051810325248,0.000000000000,0.000000000000,0.000000000000,0.197919276456,0.980218322624,0.123457446112,-0.000000000000,0.000000000000,0.003638721865,0.000000000000,0.000000000000
9.746000000000,-0.048088518936,-0.050904694464,0.000000000000,0.000000000000,0.000000000000,0.197942289989,0.980213675600,0.122218460612,-0.000000000000,0.000000000000,0.001304019493,0.000000000000,0.000000000000
9.766000000000,-0.045835987608,-0.049956232100,0.000000000000,0.000000000000,0.000000000000,0.197958557926,0.980210390347,0.122188540996,-0.000000000000,0.000000000000,0.002015249655,0.000000000000,0.000000000000
9.786000000000,-0.043575875439,-0.049004466901,0.000000000000,0.000000000000,0.000000000000,0.197983021532,0.980205449477,0.123045306864,-0.000000000000,0.000000000000,0.002976263879,0.000000000000,0.000000000000
9.806000000000,-0.041294078052,-0.048043413920,0.000000000000,0.000000000000,0.000000000000,0.198015304107,0.980198928453,0.124547547454,-0.000000000000,0.000000000000,0.003610657697,0.000000000000,0.000000000000
9.828000000000,-0.038747035903,-0.046970419919,0.000000000000,0.000000000000,0.000000000000,0.198056269220,0.980190651977,0.126709455223,-0.000000000000,0.000000000000,0.003988038470,0.000000000000,0.000000000000
9.846000000000,-0.036653165117,-0.046088115129,0.000000000000,0.000000000000,0.000000000000,0.198102723769,0.980181264275,0.125753880948,-0.000000000000,0.000000000000,0.006543874448,0.000000000000,0.000000000000
9.866000000000,-0.034355790075,-0.045119781154,0.000000000000,0.000000000000,0.000000000000,0.198157141986,0.980170264332,0.123557225678,-0.000000000000,0.000000000000,0.004559892662,0.000000000000,0.000000000000
9.886000000000,-0.032091926235,-0.044165297850,0.000000000000,0.000000000000,0.000000000000,0.198203302460,0.980160931120,0.122127895511,-0.000000000000,0.000000000000,0.004859020653,0.000000000000,0.000000000000
9.906000000000,-0.029844965185,-0.043217675894,0.000000000000,0.000000000000,0.000000000000,0.198255160638,0.980150443187,0.121733158119,-0.000000000000,0.000000000000,0.005722599906,0.000000000000,0.000000000000
9.927000000000,-0.027479985794,-0.042219961959,0.000000000000,0.000000000000,0.000000000000,0.198315396020,0.980138257442,0.122725810231,-0.000000000000,0.000000000000,0.005983233199,0.000000000000,0.000000000000
9.947000000000,-0.026006458217,-0.041598325483,0.000000000000,0.000000000000,0.000000000000,0.198185657976,0.980164498935,0.037202782060,0.000000000000,0.000000000000,-0.032456295805,0.000000000000,0.000000000000
9.956000000000,-0.025423202390,-0.041352392032,0.000000000000,0.000000000000,0.000000000000,0.198200321087,0.980161533994,0.103460658564,-0.000000000000,0.000000000000,0.039105126458,0.000000000000,0.000000000000
9.977000000000,-0.023697991053,-0.040623958838,0.000000000000,0.000000000000,0.000000000000,0.198757908972,0.980048617989,0.074890829647,-0.000000000000,0.000000000000,0.069257962285,0.000000000000,0.000000000000
10.006000000000,-0.021625913121,-0.039745554491,0.000000000000,0.000000000000,0.000000000000,0.199495001004,0.979898844052,0.080321487256,-0.000000000000,0.000000000000,0.034487534757,0.000000000000,0.000000000000
10.026000000000,-0.019977578999,-0.039044993970,0.000000000000,0.000000000000,0.000000000000,0.199668306235,0.979863545340,0.098781570278,-0.000000000000,0.000000000000,0.000885167701,0.000000000000,0.000000000000
10.046000000000,-0.018169047340,-0.038275978814,0.000000000000,0.000000000000,0.000000000000,0.199682209521,0.979860712143,0.097742501331,-0.000000000000,0.000000000000,0.001952636869,0.000000000000,0.000000000000
10.067000000000,-0.016493971569,-0.037564196580,0.000000000000,0.000000000000,0.000000000000,0.199390427590,0.979920128064,0.075593790551,0.000000000000,0.000000000000,-0.058670723980,0.000000000000,0.000000000000
10.088000000000,-0.015166594663,-0.037001378117,0.000000000000,0.000000000000,0.000000000000,0.198909134323,0.980017936715,0.061717434462,0.000000000000,0.000000000000,-0.034878054740,0.000000000000,0.000000000000
10.096000000000,-0.014641136962,-0.036778915138,0.000000000000,0.000000000000,0.000000000000,0.198908928271,0.980017978536,0.080935021773,-0.000000000000,0.000000000000,0.034772927946,0.000000000000,0.000000000000
10.130000000000,-0.012712405925,-0.035962426215,0.000000000000,0.000000000000,0.000000000000,0.198860356119,0.980027835709,0.042267031616,0.000000000000,0.000000000000,-0.040603782216,0.000000000000,0.000000000000
10.148000000000,-0.011620830068,-0.035500730546,0.000000000000,0.000000000000,0.000000000000,0.198682676856,0.980063872366,0.089421939024,-0.000000000000,0.000000000000,0.000315584990,0.000000000000,0.000000000000
10.157000000000,-0.009224981880,-0.034484429937,0.000000000000,0.000000000000,0.000000000000,0.199354556556,0.979927426282,0.488909297383,-0.000000000000,0.000000000000,0.304393102603,0.000000000000,0.000000000000
10.190000000000,-0.000629768551,-0.030829187213,0.000000000000,0.000000000000,0.000000000000,0.201857785753,0.979414842817,0.077161560217,0.000000000000,0.000000000000,0.005324664062,0.000000000000,0.000000000000
10.206000000000,0.000495457571,-0.030344762280,0.000000000000,0.000000000000,0.000000000000,0.201879998139,0.979410264573,0.075972436574,0.000000000000,0.000000000000,0.000345159520,0.000000000000,0.000000000000
10.235000000000,0.002550487172,-0.029459984112,0.000000000000,0.000000000000,0.000000000000,0.201881857269,0.979409881360,0.078331324672,0.000000000000,0.000000000000,-0.000083336918,0.000000000000,0.000000000000
10.262000000000,0.004523985501,-0.028610306701,0.000000000000,0.000000000000,0.000000000000,0.201880856320,0.979410087681,0.080827081927,0.000000000000,0.000000000000,-0.000068069183,0.000000000000,0.000000000000
10.270000000000,0.005127470714,-0.028350480823,0.000000000000,0.000000000000,0.000000000000,0.201880585585,0.979410143486,0.083433360938,0.000000000000,0.000000000000,-0.000070144200,0.000000000000,0.000000000000
10.295000000000,0.007074466528,-0.027512219584,0.000000000000,0.000000000000,0.000000000000,0.201879716145,0.979410322699,0.086149177903,0.000000000000,0.000000000000,-0.000071890630,0.000000000000,0.000000000000
10.318000000000,0.008924243802,-0.026715818677,0.000000000000,0.000000000000,0.000000000000,0.201878896590,0.979410491628,0.088975522302,0.000000000000,0.000000000000,-0.000073637043,0.000000000000,0.000000000000
10.332000000000,0.010087266851,-0.026215093981,0.000000000000,0.000000000000,0.000000000000,0.201878387518,0.979410596560,0.091915009128,0.000000000000,0.000000000000,-0.000074869950,0.000000000000,0.000000000000
10.362000000000,0.012625323189,-0.025122365920,0.000000000000,0.000000000000,0.000000000000,0.201879007898,0.979410468685,0.092304480594,0.000000000000,0.000000000000,0.000159326259,0.000000000000,0.000000000000
10.375000000000,0.013721135723,-0.024650576423,0.000000000000,0.000000000000,0.000000000000,0.201879347302,0.979410398726,0.091243100609,0.000000000000,0.000000000000,-0.000052699003,0.000000000000,0.000000000000
10.392000000000,0.015155367951,-0.024033084422,0.000000000000,0.000000000000,0.000000000000,0.201878889018,0.979410493189,0.092464145628,0.000000000000,0.000000000000,-0.000057399367,0.000000000000,0.000000000000
10.406000000000,0.016359146658,-0.023514812818,0.000000000000,0.000000000000,0.000000000000,0.201878447166,0.979410584265,0.094765312522,0.000000000000,0.000000000000,-0.000071498048,0.000000000000,0.000000000000
10.439000000000,0.019237779891,-0.022275430041,0.000000000000,0.000000000000,0.000000000000,0.201885719264,0.979409085295,0.095180298154,0.000000000000,0.000000000000,0.000971495566,0.000000000000,0.000000000000
10.446000000000,0.019917628363,-0.021982662199,0.000000000000,0.000000000000,0.000000000000,0.201947733138,0.979396300320,0.116307522996,0.000000000000,0.000000000000,0.035210250622,0.000000000000,0.000000000000
10.466000000000,0.021849669436,-0.021150168523,0.000000000000,0.000000000000,0.000000000000,0.202117437352,0.979361292638,0.094069009953,0.000000000000,0.000000000000,-0.000554770195,0.000000000000,0.000000000000
10.486000000000,0.023556095127,-0.020414504975,0.000000000000,0.000000000000,0.000000000000,0.202116065321,0.979361575793,0.091755893983,0.000000000000,0.000000000000,0.000274581220,0.000000000000,0.000000000000
10.510000000000,0.025582482377,-0.019540888764,0.000000000000,0.000000000000,0.000000000000,0.202122673862,0.979360211930,0.092134369459,0.000000000000,0.000000000000,0.000850053846,0.000000000000,0.000000000000
10.539000000000,0.028211157166,-0.018406975563,0.000000000000,0.000000000000,0.000000000000,0.202304602234,0.979322647504,0.105300917086,0.000000000000,0.000000000000,0.024772847148,0.000000000000,0.000000000000
10.546000000000,0.028880671137,-0.018117962965,0.000000000000,0.000000000000,0.000000000000,0.202393494287,0.979304280329,0.103050678086,0.000000000000,0.000000000000,0.027095589923,0.000000000000,0.000000000000
10.566000000000,0.030754709419,-0.017308101804,0.000000000000,0.000000000000,0.000000000000,0.202696393786,0.979241631032,0.101103552361,0.000000000000,0.000000000000,0.034766528276,0.000000000000,0.000000000000
10.586000000000,0.032829926242,-0.016409124400,0.000000000000,0.000000000000,0.000000000000,0.203202445423,0.979136745391,0.125053176174,0.000000000000,0.000000000000,0.068594830567,0.000000000000,0.000000000000
10.606000000000,0.035142026441,-0.015404402776,0.000000000000,0.000000000000,0.000000000000,0.203859251318,0.979000207177,0.127043546024,0.000000000000,0.000000000000,0.065574716694,0.000000000000,0.000000000000
10.616000000000,0.036405243129,-0.014854207334,0.000000000000,0.000000000000,0.000000000000,0.204019814685,0.978966758994,0.148523612830,0.000000000000,0.000000000000,0.000029399855,0.000000000000,0.000000000000
10.648000000000,0.040764742305,-0.012954645464,0.000000000000,0.000000000000,0.000000000000,0.204018444448,0.978967044555,0.148687173362,0.000000000000,0.000000000000,-0.000204359500,0.000000000000,0.000000000000
10.666000000000,0.043218099937,-0.011885655134,0.000000000000,0.000000000000,0.000000000000,0.204016571808,0.978967434815,0.148661273233,0.000000000000,0.000000000000,-0.000220723271,0.000000000000,0.000000000000
10.686000000000,0.045722964442,-0.010794608611,0.000000000000,0.000000000000,0.000000000000,0.203879320760,0.978996027860,0.124555286436,0.000000000000,0.000000000000,-0.027818829047,0.000000000000,0.000000000000
10.706000000000,0.047969968803,-0.009817325170,0.000000000000,0.000000000000,0.000000000000,0.203492318857,0.979076542547,0.120477618744,0.000000000000,0.000000000000,-0.051238894196,0.000000000000,0.000000000000
10.728000000000,0.050245487191,-0.008829403170,0.000000000000,0.000000000000,0.000000000000,0.203229736937,0.979131081125,0.105042427649,0.000000000000,0.000000000000,0.002477806337,0.000000000000,0.000000000000
10.749000000000,0.052297606911,-0.007939111336,0.000000000000,0.000000000000,0.000000000000,0.203252585265,0.979126338418,0.107997653557,0.000000000000,0.000000000000,0.001967025535,0.000000000000,0.000000000000
10.767000000000,0.054121785394,-0.007147622873,0.000000000000,0.000000000000,0.000000000000,0.203268844433,0.979122963107,0.112945362460,0.000000000000,0.000000000000,0.001723156806,0.000000000000,0.000000000000
10.786000000000,0.056117593412,-0.006281606527,0.000000000000,0.000000000000,0.000000000000,0.203277582487,0.979121149020,0.116065129997,0.000000000000,0.000000000000,0.000155659283,0.000000000000,0.000000000000
10.806000000000,0.058300411241,-0.005334456373,0.000000000000,0.000000000000,0.000000000000,0.203264359489,0.979123894184,0.121879970587,0.000000000000,0.000000000000,-0.002856648758,0.000000000000,0.000000000000
10.827000000000,0.060659734580,-0.004310794521,0.000000000000,0.000000000000,0.000000000000,0.203250745034,0.979126720421,0.123055861727,0.000000000000,0.000000000000,0.000208132189,0.000000000000,0.000000000000
10.846000000000,0.062818172333,-0.003374323642,0.000000000000,0.000000000000,0.000000000000,0.203252505758,0.979126354922,0.124610951394,0.000000000000,0.000000000000,0.000170448888,0.000000000000,0.000000000000
10.870000000000,0.065590571155,-0.002171451425,0.000000000000,0.000000000000,0.000000000000,0.203258139108,0.979125185503,0.127230830958,0.000000000000,0.000000000000,0.000788459206,0.000000000000,0.000000000000
10.886000000000,0.067475760908,-0.001353510684,0.000000000000,0.000000000000,0.000000000000,0.203255048200,0.979125827144,0.129642419062,0.000000000000,0.000000000000,-0.001577660262,0.000000000000,0.000000000000
10.908000000000,0.070115348391,-0.000208341542,0.000000000000,0.000000000000,0.000000000000,0.203230995728,0.979130819848,0.131929978910,0.000000000000,0.000000000000,-0.002888737631,0.000000000000,0.000000000000
10.921000000000,0.071666464100,0.000464533270,0.000000000000,0.000000000000,0.000000000000,0.203218854785,0.979133339776,0.128189267982,0.000000000000,0.000000000000,-0.000926554510,0.000000000000,0.000000000000
10.946000000000,0.074480185266,0.001685098255,0.000000000000,0.000000000000,0.000000000000,0.203222936987,0.979132492507,0.117174862206,0.000000000000,0.000000000000,0.001593626746,0.000000000000,0.000000000000
10.970000000000,0.077186427904,0.002859056105,0.000000000000,0.000000000000,0.000000000000,0.203223519208,0.979132371664,0.128650367164,0.000000000000,0.000000000000,-0.001494521807,0.000000000000,0.000000000000
11.001000000000,0.080890422404,0.004465755486,0.000000000000,0.000000000000,0.000000000000,0.203205504630,0.979136110502,0.131830722734,0.000000000000,0.000000000000,-0.000879475153,0.000000000000,0.000000000000
11.007000000000,0.081546569765,0.004750368874,0.000000000000,0.000000000000,0.000000000000,0.203215876726,0.979133957866,0.106574660142,0.000000000000,0.000000000000,0.007941555565,0.000000000000,0.000000000000
11.041000000000,0.085269421555,0.006365506837,0.000000000000,0.000000000000,0.000000000000,0.203264949695,0.979123771658,0.132137978094,0.000000000000,0.000000000000,-0.002045201500,0.000000000000,0.000000000000
11.046000000000,0.085863683491,0.006623350519,0.000000000000,0.000000000000,0.000000000000,0.203257789147,0.979125258152,0.126977629402,0.000000000000,0.000000000000,-0.003805370053,0.000000000000,0.000000000000
11.066000000000,0.088187365938,0.007631442849,0.000000000000,0.000000000000,0.000000000000,0.203219677163,0.979133169091,0.126315684143,0.000000000000,0.000000000000,-0.003979503167,0.000000000000,0.000000000000
11.091000000000,0.090701446689,0.008722245979,0.000000000000,0.000000000000,0.000000000000,0.203307111396,0.979115017991,0.092925969591,0.000000000000,0.000000000000,0.018267250079,0.000000000000,0.000000000000
11.106000000000,0.092200180500,0.009372799011,0.000000000000,0.000000000000,0.000000000000,0.203356416116,0.979104778879,0.124918920688,0.000000000000,0.000000000000,-0.004838803059,0.000000000000,0.000000000000
11.126000000000,0.094137968037,0.010214178475,0.000000000000,0.000000000000,0.000000000000,0.203433463620,0.979088773237,0.086337794495,0.000000000000,0.000000000000,0.020577288921,0.000000000000,0.000000000000
11.146000000000,0.095968396992,0.011009362750,0.000000000000,0.000000000000,0.000000000000,0.203519515250,0.979070889626,0.113231447112,0.000000000000,0.000000000000,-0.002999226890,0.000000000000,0.000000000000
11.166000000000,0.097791923512,0.011801187578,0.000000000000,0.000000000000,0.000000000000,0.203243675063,0.979128188005,0.085570862613,0.000000000000,0.000000000000,-0.053346461044,0.000000000000,0.000000000000
11.186000000000,0.099374118065,0.012487256049,0.000000000000,0.000000000000,0.000000000000,0.203057566055,0.979166801351,0.086882889363,0.000000000000,0.000000000000,0.015331962076,0.000000000000,0.000000000000
11.196000000000,0.100233762550,0.012859784267,0.000000000000,0.000000000000,0.000000000000,0.203024743079,0.979173607537,0.100495435420,0.000000000000,0.000000000000,-0.028740448723,0.000000000000,0.000000000000
11.226000000000,0.102604252456,0.013886815465,0.000000000000,0.000000000000,0.000000000000,0.202967708207,0.979185431583,0.071732004620,0.000000000000,0.000000000000,0.020974100097,0.000000000000,0.000000000000
11.237000000000,0.103439729029,0.014248678403,0.000000000000,0.000000000000,0.000000000000,0.202927973139,0.979193667115,0.093809020914,0.000000000000,0.000000000000,-0.035730299141,0.000000000000,0.000000000000
11.268000000000,0.105357046937,0.015078656364,0.000000000000,0.000000000000,0.000000000000,0.202663630291,0.979248412282,0.040981395558,0.000000000000,0.000000000000,0.000897760934,0.000000000000,0.000000000000
11.278000000000,0.105956480319,0.015337774553,0.000000000000,0.000000000000,0.000000000000,0.202563280241,0.979269175200,0.089626815488,0.000000000000,0.000000000000,-0.041887967176,0.000000000000,0.000000000000
11.307000000000,0.108278110972,0.016339779182,0.000000000000,0.000000000000,0.000000000000,0.202053549504,0.979374475435,0.084761654267,0.000000000000,0.000000000000,-0.029904251150,0.000000000000,0.000000000000
11.327000000000,0.109735059665,0.016967829462,0.000000000000,0.000000000000,0.000000000000,0.202152565895,0.979354042266,0.073893527631,0.000000000000,0.000000000000,0.050124795203,0.000000000000,0.000000000000
11.346000000000,0.111009291387,0.017518045879,0.000000000000,0.000000000000,0.000000000000,0.202655401107,0.979250115344,0.072206468281,0.000000000000,0.000000000000,0.057972639340,0.000000000000,0.000000000000
11.366000000000,0.112315878433,0.018083970794,0.000000000000,0.000000000000,0.000000000000,0.203252196099,0.979126419203,0.070181785166,0.000000000000,0.000000000000,0.063923219347,0.000000000000,0.000000000000
11.386000000000,0.113593770407,0.018639345502,0.000000000000,0.000000000000,0.000000000000,0.203862750234,0.978999478584,0.069154129647,0.000000000000,0.000000000000,0.060798917406,0.000000000000,0.000000000000
11.406000000000,0.118827795169,0.020899507256,0.000000000000,0.000000000000,0.000000000000,0.202207974391,0.979342603532,0.500963278822,0.000000000000,0.000000000000,-0.398794094811,0.000000000000,0.000000000000
11.426000000000,0.128278097756,0.025333020000,0.000000000000,0.000000000000,0.000000000000,0.197904820203,0.980221241425,0.542071473512,0.037568250880,0.000000000000,-0.479594692087,0.000000000000,0.000000000000
11.446000000000,0.134098870179,0.028185349169,0.000000000000,0.000000000000,0.000000000000,0.195510019455,0.980701704033,0.105076335149,0.000000000000,0.000000000000,-0.008909879172,0.000000000000,0.000000000000
11.467000000000,0.135994690433,0.028972431097,0.000000000000,0.000000000000,0.000000000000,0.195465092773,0.980710659424,0.090420181524,-0.000000000000,0.000000000000,0.000184061465,0.000000000000,0.000000000000
11.486000000000,0.137553262679,0.029619409309,0.000000000000,0.000000000000,0.000000000000,0.195465361938,0.980710605777,0.087213643113,0.000000000000,0.000000000000,-0.000126280621,0.000000000000,0.000000000000
11.509000000000,0.139407430412,0.030389090633,0.000000000000,0.000000000000,0.000000000000,0.195464458936,0.980710785753,0.087357878207,0.000000000000,0.000000000000,-0.000033852010,0.000000000000,0.000000000000
11.528000000000,0.140955159139,0.031031564467,0.000000000000,0.000000000000,0.000000000000,0.195464300754,0.980710817280,0.089039960987,0.000000000000,0.000000000000,-0.000000104495,0.000000000000,0.000000000000
11.547000000000,0.142538750415,0.031688925332,0.000000000000,0.000000000000,0.000000000000,0.195464568990,0.980710763818,0.091445215722,-0.000000000000,0.000000000000,0.000057686073,0.000000000000,0.000000000000
11.567000000000,0.144232064720,0.032391841772,0.000000000000,0.000000000000,0.000000000000,0.195468594832,0.980709961423,0.091896128683,-0.000000000000,0.000000000000,0.000763319109,0.000000000000,0.000000000000
11.586000000000,0.145837276195,0.033058196598,0.000000000000,0.000000000000,0.000000000000,0.195470318556,0.980709617860,0.091053923728,0.000000000000,0.000000000000,-0.000393291787,0.000000000000,0.000000000000
11.606000000000,0.147526030647,0.033759231804,0.000000000000,0.000000000000,0.000000000000,0.195468617851,0.980709956835,0.091794154237,-0.000000000000,0.000000000000,0.000046460200,0.000000000000,0.000000000000
11.628000000000,0.149412346765,0.034542276662,0.000000000000,0.000000000000,0.000000000000,0.195469379279,0.980709805072,0.093877459958,-0.000000000000,0.000000000000,0.000094704319,0.000000000000,0.000000000000
11.646000000000,0.150995555443,0.035199499241,0.000000000000,0.000000000000,0.000000000000,0.195470330186,0.980709615542,0.096589517704,-0.000000000000,0.000000000000,0.000120764764,0.000000000000,0.000000000000
11.669000000000,0.153079775126,0.036064707737,0.000000000000,0.000000000000,0.000000000000,0.195471744390,0.980709333669,0.099642616530,-0.000000000000,0.000000000000,0.000130021730,0.000000000000,0.000000000000
11.688000000000,0.155326265051,0.036866023693,0.000000000000,0.000000000000,0.000000000000,0.194727071493,0.980857465500,0.151117937366,-0.012531369631,0.000000000000,-0.159974931456,0.000000000000,0.000000000000
11.706000000000,0.157485756077,0.037635153043,0.000000000000,0.000000000000,0.000000000000,0.194019760016,0.980997621161,0.103274145391,0.000000000000,0.000000000000,-0.000261492292,0.000000000000,0.000000000000
11.726000000000,0.159391289768,0.038419579751,0.000000000000,0.000000000000,0.000000000000,0.194018670867,0.980997836570,0.102793414091,-0.000000000000,0.000000000000,0.000039443045,0.000000000000,0.000000000000
11.746000000000,0.161339404436,0.039221270256,0.000000000000,0.000000000000,0.000000000000,0.193908320229,0.981019654923,0.107868838855,0.000000000000,0.000000000000,-0.022536824076,0.000000000000,0.000000000000
11.768000000000,0.163397858151,0.040067810915,0.000000000000,0.000000000000,0.000000000000,0.193780645123,0.981044882549,0.094470024049,0.000000000000,0.000000000000,-0.001125655145,0.000000000000,0.000000000000
11.788000000000,0.165151664618,0.040788754643,0.000000000000,0.000000000000,0.000000000000,0.193768240948,0.981047332599,0.095150570451,0.000000000000,0.000000000000,-0.001403109776,0.000000000000,0.000000000000
11.810000000000,0.167365120687,0.041698134411,0.000000000000,0.000000000000,0.000000000000,0.193606072820,0.981079348762,0.122393183758,0.000000000000,0.000000000000,-0.028651131297,0.000000000000,0.000000000000
11.826000000000,0.169001998446,0.042370163625,0.000000000000,0.000000000000,0.000000000000,0.193496067289,0.981101050832,0.098789436687,-0.000000000000,0.000000000000,0.000619679645,0.000000000000,0.000000000000
11.846000000000,0.171050857971,0.043210682226,0.000000000000,0.000000000000,0.000000000000,0.193364760659,0.981126938441,0.122667036645,0.000000000000,0.000000000000,-0.027386524490,0.000000000000,0.000000000000
11.866000000000,0.173405664569,0.044176382905,0.000000000000,0.000000000000,0.000000000000,0.193364641419,0.981126961942,0.131846065514,-0.000000000000,0.000000000000,0.027362217846,0.000000000000,0.000000000000
11.886000000000,0.175578693585,0.045067862967,0.000000000000,0.000000000000,0.000000000000,0.193508355590,0.981098627212,0.103032454598,-0.000000000000,0.000000000000,0.001933938655,0.000000000000,0.000000000000
11.897000000000,0.176854249377,0.045591407222,0.000000000000,0.000000000000,0.000000000000,0.193511369539,0.981098032747,0.147661864874,0.000000000000,0.000000000000,-0.000816842148,0.000000000000,0.000000000000
11.920000000000,0.179592882622,0.046715518964,0.000000000000,0.000000000000,0.000000000000,0.193528629110,0.981094628318,0.109760860325,-0.000000000000,0.000000000000,0.003876342517,0.000000000000,0.000000000000
11.948000000000,0.182755660707,0.048012828728,0.000000000000,0.000000000000,0.000000000000,0.193293996115,0.981140882374,0.134418089792,0.000000000000,0.000000000000,-0.038040436495,0.000000000000,0.000000000000
11.980000000000,0.186738794781,0.049642681786,0.000000000000,0.000000000000,0.000000000000,0.192671945462,0.981263227392,0.134562810205,0.000000000000,0.000000000000,-0.041205554259,0.000000000000,0.000000000000
11.986000000000,0.187489890398,0.049949362851,0.000000000000,0.000000000000,0.000000000000,0.192556896651,0.981285810329,0.135868514130,0.000000000000,0.000000000000,-0.036957290090,0.000000000000,0.000000000000
12.007000000000,0.190146717595,0.051032712306,0.000000000000,0.000000000000,0.000000000000,0.192209782900,0.981353860418,0.137389776947,0.000000000000,0.000000000000,-0.030418199315,0.000000000000,0.000000000000
12.026000000000,0.192617447214,0.052038795399,0.000000000000,0.000000000000,0.000000000000,0.192086493270,0.981378000112,0.143422423645,-0.000000000000,0.000000000000,0.003969643410,0.000000000000,0.000000000000
12.046000000000,0.195134859995,0.053063720896,0.000000000000,0.000000000000,0.000000000000,0.192155080114,0.981364573024,0.128383378735,-0.000000000000,0.000000000000,0.010008113043,0.000000000000,0.000000000000
12.066000000000,0.197507269036,0.054029940654,0.000000000000,0.000000000000,0.000000000000,0.192199995514,0.981355777343,0.127778782688,0.000000000000,0.000000000000,-0.000854409652,0.000000000000,0.000000000000
12.086000000000,0.199907792653,0.055007761124,0.000000000000,0.000000000000,0.000000000000,0.192207598586,0.981354288239,0.131424737915,-0.000000000000,0.000000000000,0.002403914592,0.000000000000,0.000000000000
12.106000000000,0.202321825692,0.055991264843,0.000000000000,0.000000000000,0.000000000000,0.192263457085,0.981343346169,0.129244307031,-0.000000000000,0.000000000000,0.008980110724,0.000000000000,0.000000000000
12.127000000000,0.204803446582,0.057002695354,0.000000000000,0.000000000000,0.000000000000,0.192340636946,0.981328222044,0.125976622775,-0.000000000000,0.000000000000,0.006000414908,0.000000000000,0.000000000000
12.146000000000,0.207048731972,0.057918081950,0.000000000000,0.000000000000,0.000000000000,0.192366696587,0.981323113987,0.129256454366,0.000000000000,0.000000000000,-0.000409773226,0.000000000000,0.000000000000
12.170000000000,0.209912277603,0.059085602883,0.000000000000,0.000000000000,0.000000000000,0.192362737724,0.981323890026,0.128444366806,0.000000000000,0.000000000000,-0.000262594715,0.000000000000,0.000000000000
12.186000000000,0.211821928431,0.059864197881,0.000000000000,0.000000000000,0.000000000000,0.192364393030,0.981323565545,0.129339956111,-0.000000000000,0.000000000000,0.000684297198,0.000000000000,0.000000000000
12.206000000000,0.214230313049,0.060846170382,0.000000000000,0.000000000000,0.000000000000,0.192375196358,0.981321447756,0.130748230166,-0.000000000000,0.000000000000,0.001517492166,0.000000000000,0.000000000000
12.226000000000,0.216650974584,0.061833243232,0.000000000000,0.000000000000,0.000000000000,0.192397366257,0.981317101378,0.130669349146,-0.000000000000,0.000000000000,0.003000894347,0.000000000000,0.000000000000
12.247000000000,0.219033146031,0.062804990864,0.000000000000,0.000000000000,0.000000000000,0.192513564542,0.981294312359,0.114354308558,-0.000000000000,0.000000000000,0.019553755536,0.000000000000,0.000000000000
12.268000000000,0.221234097843,0.063703608667,0.000000000000,0.000000000000,0.000000000000,0.192695013265,0.981258697726,0.112058174459,-0.000000000000,0.000000000000,0.015667368510,0.000000000000,0.000000000000
12.286000000000,0.223085592866,0.064460272921,0.000000000000,0.000000000000,0.000000000000,0.192842154121,0.981229791432,0.110180011178,-0.000000000000,0.000000000000,0.017655596841,0.000000000000,0.000000000000
12.297000000000,0.224196531506,0.064914626531,0.000000000000,0.000000000000,0.000000000000,0.192950649346,0.981208462518,0.108048914246,-0.000000000000,0.000000000000,0.022552352708,0.000000000000,0.000000000000
12.326000000000,0.227085953970,0.066097885465,0.000000000000,0.000000000000,0.000000000000,0.193289627063,0.981141743108,0.107283310272,-0.000000000000,0.000000000000,0.025100249320,0.000000000000,0.000000000000
12.336000000000,0.228075492437,0.066503666545,0.000000000000,0.000000000000,0.000000000000,0.193417819019,0.981116479979,0.106618039195,-0.000000000000,0.000000000000,0.027162782657,0.000000000000,0.000000000000
12.373000000000,0.232064177330,0.068141427571,0.000000000000,0.000000000000,0.000000000000,0.193710002355,0.981058833602,0.126453802786,-0.000000000000,0.000000000000,0.005033512168,0.000000000000,0.000000000000
12.387000000000,0.233688538521,0.068808975590,0.000000000000,0.000000000000,0.000000000000,0.193743962721,0.981052127519,0.124429113256,-0.000000000000,0.000000000000,0.004856817161,0.000000000000,0.000000000000
12.407000000000,0.235988108055,0.069754211180,0.000000000000,0.000000000000,0.000000000000,0.193784119122,0.981044196342,0.124196918614,-0.000000000000,0.000000000000,0.003329610853,0.000000000000,0.000000000000
12.430000000000,0.238611347201,0.070832771659,0.000000000000,0.000000000000,0.000000000000,0.193834127342,0.981034316972,0.122439069727,-0.000000000000,0.000000000000,0.005535561145,0.000000000000,0.000000000000
12.447000000000,0.240532561791,0.071622916128,0.000000000000,0.000000000000,0.000000000000,0.193882389836,0.981024779968,0.121955352892,-0.000000000000,0.000000000000,0.006039911653,0.000000000000,0.000000000000
12.467000000000,0.242791584394,0.072552279590,0.000000000000,0.000000000000,0.000000000000,0.193940744737,0.981013245339,0.122317027596,-0.000000000000,0.000000000000,0.005856881568,0.000000000000,0.000000000000
12.476000000000,0.243801433063,0.072967836211,0.000000000000,0.000000000000,0.000000000000,0.193969260726,0.981007607459,0.120351433967,-0.000000000000,0.000000000000,0.007062219579,0.000000000000,0.000000000000
12.506000000000,0.246457469327,0.074060564685,0.000000000000,0.000000000000,0.000000000000,0.193828216373,0.981035484851,0.071117557593,0.000000000000,0.000000000000,-0.026231945109,0.000000000000,0.000000000000
12.526000000000,0.247740071641,0.074587597829,0.000000000000,0.000000000000,0.000000000000,0.193576098753,0.981085263365,0.067548687645,0.000000000000,0.000000000000,-0.025165017884,0.000000000000,0.000000000000
12.537000000000,0.248512845700,0.074904894495,0.000000000000,0.000000000000,0.000000000000,0.193570948168,0.981086279603,0.084338277826,-0.000000000000,0.000000000000,0.023255969682,0.000000000000,0.000000000000
12.566000000000,0.250748023885,0.075823702518,0.000000000000,0.000000000000,0.000000000000,0.193977168061,0.981006043952,0.082327717162,-0.000000000000,0.000000000000,0.033856867091,0.000000000000,0.000000000000
12.587000000000,0.252421202314,0.076512670762,0.000000000000,0.000000000000,0.000000000000,0.194149951619,0.980971863147,0.090003330551,0.000000000000,0.000000000000,-0.000307912432,0.000000000000,0.000000000000
12.606000000000,0.253963558139,0.077148070122,0.000000000000,0.000000000000,0.000000000000,0.194148071388,0.980972235273,0.085587286164,0.000000000000,0.000000000000,-0.000095603902,0.000000000000,0.000000000000
12.616000000000,0.254740648099,0.077468204528,0.000000000000,0.000000000000,0.000000000000,0.194149111165,0.980972029486,0.082502552167,-0.000000000000,0.000000000000,0.000519582098,0.000000000000,0.000000000000
12.646000000000,0.256936315047,0.078372758816,0.000000000000,0.000000000000,0.000000000000,0.194153917509,0.980971078226,0.075810384157,-0.000000000000,0.000000000000,0.000133694575,0.000000000000,0.000000000000
12.676000000000,0.267574076848,0.082755330918,0.000000000000,0.000000000000,0.000000000000,0.194155832747,0.980970699160,0.691200884356,-0.000000000000,0.000000000000,0.000126624234,0.000000000000,0.000000000000
12.686000000000,0.271145962615,0.084226998249,0.000000000000,0.000000000000,0.000000000000,0.194279634665,0.980946187899,0.081435453341,0.000000000000,0.000000000000,0.050355399108,0.000000000000,0.000000000000
12.706000000000,0.272497721303,0.084784643366,0.000000000000,0.000000000000,0.000000000000,0.194520648220,0.980898423597,0.064791074850,0.000000000000,0.000000000000,-0.001215206779,0.000000000000,0.000000000000
12.726000000000,0.273899199782,0.085363630260,0.000000000000,0.000000000000,0.000000000000,0.194719973988,0.980858874523,0.086845591055,0.000000000000,0.000000000000,0.041857495762,0.000000000000,0.000000000000
12.746000000000,0.275372521330,0.085972955141,0.000000000000,0.000000000000,0.000000000000,0.194943638672,0.980814446132,0.072589452867,0.000000000000,0.000000000000,0.003749421589,0.000000000000,0.000000000000
12.766000000000,0.276737821121,0.086538047590,0.000000000000,0.000000000000,0.000000000000,0.194970848535,0.980809037592,0.075172957668,0.000000000000,0.000000000000,0.001799015903,0.000000000000,0.000000000000
12.787000000000,0.278364545833,0.087211829596,0.000000000000,0.000000000000,0.000000000000,0.195173669642,0.980768697848,0.092516843728,0.000000000000,0.000000000000,0.037590288877,0.000000000000,0.000000000000
12.808000000000,0.280041984692,0.087907372796,0.000000000000,0.000000000000,0.000000000000,0.195383539257,0.980726910300,0.080428342335,0.000000000000,0.000000000000,0.003169592954,0.000000000000,0.000000000000
12.826000000000,0.281409772284,0.088474923942,0.000000000000,0.000000000000,0.000000000000,0.195405412688,0.980722552352,0.084112065040,0.000000000000,0.000000000000,0.001786703467,0.000000000000,0.000000000000
12.846000000000,0.283103988528,0.089178338329,0.000000000000,0.000000000000,0.000000000000,0.195574712524,0.980688804780,0.099331675219,0.000000000000,0.000000000000,0.032739421781,0.000000000000,0.000000000000
12.866000000000,0.284810154353,0.089887337235,0.000000000000,0.000000000000,0.000000000000,0.195737197836,0.980656387010,0.085429829482,0.000000000000,0.000000000000,0.000398102996,0.000000000000,0.000000000000
12.886000000000,0.286397610704,0.090547364065,0.000000000000,0.000000000000,0.000000000000,0.195750855813,0.980653660804,0.086490299726,0.000000000000,0.000000000000,0.002387377317,0.000000000000,0.000000000000
12.906000000000,0.288029462256,0.091225897157,0.000000000000,0.000000000000,0.000000000000,0.195761539627,0.980651528119,0.090239625480,0.000000000000,0.000000000000,-0.000208458094,0.000000000000,0.000000000000
12.926000000000,0.289728411894,0.091932348386,0.000000000000,0.000000000000,0.000000000000,0.195760151004,0.980651805321,0.093757744385,0.000000000000,0.000000000000,-0.000074745953,0.000000000000,0.000000000000
12.946000000000,0.291681671708,0.092744956533,0.000000000000,0.000000000000,0.000000000000,0.195919167298,0.980620048686,0.117797355238,0.000000000000,0.000000000000,0.032506005941,0.000000000000,0.000000000000
12.966000000000,0.293798679409,0.093626826107,0.000000000000,0.000000000000,0.000000000000,0.196236115355,0.980556672014,0.111536813620,0.000000000000,0.000000000000,0.032138459920,0.000000000000,0.000000000000
12.979000000000,0.295030396550,0.094140538526,0.000000000000,0.000000000000,0.000000000000,0.196342388944,0.980535397782,0.093778794795,0.000000000000,0.000000000000,0.001209863034,0.000000000000,0.000000000000
13.008000000000,0.297527606747,0.095182430002,0.000000000000,0.000000000000,0.000000000000,0.196353980445,0.980533076629,0.092831198239,0.000000000000,0.000000000000,0.000420705036,0.000000000000,0.000000000000
13.028000000000,0.299329306881,0.095934475300,0.000000000000,0.000000000000,0.000000000000,0.196491351223,0.980505557809,0.102404443403,0.000000000000,0.000000000000,0.027599299228,0.000000000000,0.000000000000
13.047000000000,0.301116181944,0.096681170534,0.000000000000,0.000000000000,0.000000000000,0.196753499752,0.980452987315,0.101449736558,0.000000000000,0.000000000000,0.028688646171,0.000000000000,0.000000000000
13.067000000000,0.302997032239,0.097468361197,0.000000000000,0.000000000000,0.000000000000,0.197032398394,0.980396977751,0.102444042359,0.000000000000,0.000000000000,0.028204771466,0.000000000000,0.000000000000
13.091000000000,0.305291749396,0.098430441962,0.000000000000,0.000000000000,0.000000000000,0.197359678867,0.980331146683,0.104909100445,0.000000000000,0.000000000000,0.027434502871,0.000000000000,0.000000000000
13.106000000000,0.306651032539,0.099001018437,0.000000000000,0.000000000000,0.000000000000,0.197463272949,0.980310285489,0.091648301922,0.000000000000,0.000000000000,0.000745140796,0.000000000000,0.000000000000
13.126000000000,0.308326121582,0.099704400964,0.000000000000,0.000000000000,0.000000000000,0.197473427568,0.980308239996,0.090029167303,0.000000000000,0.000000000000,0.001326576577,0.000000000000,0.000000000000
13.150000000000,0.310341633958,0.100550794105,0.000000000000,0.000000000000,0.000000000000,0.197489576184,0.980304986878,0.092138938233,0.000000000000,0.000000000000,0.001418927747,0.000000000000,0.000000000000
13.174000000000,0.312388910357,0.101410644392,0.000000000000,0.000000000000,0.000000000000,0.197521586952,0.980298537532,0.092903909187,0.000000000000,0.000000000000,0.004023404606,0.000000000000,0.000000000000
13.188000000000,0.313605712703,0.101921782577,0.000000000000,0.000000000000,0.000000000000,0.197547303263,0.980293355569,0.095638848104,0.000000000000,0.000000000000,0.003471798745,0.000000000000,0.000000000000
13.206000000000,0.315468800519,0.102705197080,0.000000000000,0.000000000000,0.000000000000,0.197834169824,0.980235502953,0.128927533377,0.000000000000,0.000000000000,0.061559760462,0.000000000000,0.000000000000
13.226000000000,0.317855627795,0.103711230969,0.000000000000,0.000000000000,0.000000000000,0.198421227076,0.980116838263,0.130090825812,0.000000000000,0.000000000000,0.058226304838,0.000000000000,0.000000000000
13.246000000000,0.320265816244,0.104730403120,0.000000000000,0.000000000000,0.000000000000,0.198969751156,0.980005631680,0.131590705435,0.000000000000,0.000000000000,0.053710387750,0.000000000000,0.000000000000
13.266000000000,0.322846393332,0.105824189608,0.000000000000,0.000000000000,0.000000000000,0.199233931156,0.979951958351,0.148690359849,0.000000000000,0.000000000000,0.000205064224,0.000000000000,0.000000000000
13.286000000000,0.325581228148,0.106984174909,0.000000000000,0.000000000000,0.000000000000,0.199233754279,0.979951994312,0.148376759973,0.000000000000,0.000000000000,-0.000241163354,0.000000000000,0.000000000000
13.306000000000,0.328138931338,0.108068509456,0.000000000000,0.000000000000,0.000000000000,0.199052699047,0.979988787182,0.129429418511,0.000000000000,0.000000000000,-0.036710000350,0.000000000000,0.000000000000
13.329000000000,0.330893105148,0.109234165601,0.000000000000,0.000000000000,0.000000000000,0.198653056652,0.980069876633,0.130630616881,0.000000000000,0.000000000000,-0.034209330302,0.000000000000,0.000000000000
13.350000000000,0.333442365338,0.110310850835,0.000000000000,0.000000000000,0.000000000000,0.198321599045,0.980137002338,0.132922283650,0.000000000000,0.000000000000,-0.030207117172,0.000000000000,0.000000000000
13.369000000000,0.335705083055,0.111265265940,0.000000000000,0.000000000000,0.000000000000,0.198187399726,0.980164146758,0.125579681820,0.000000000000,0.000000000000,0.001382476663,0.000000000000,0.000000000000
13.386000000000,0.337709965904,0.112110608905,0.000000000000,0.000000000000,0.000000000000,0.198193592906,0.980162894488,0.130398257536,0.000000000000,0.000000000000,0.000104233194,0.000000000000,0.000000000000
13.396000000000,0.338901761684,0.112613084001,0.000000000000,0.000000000000,0.000000000000,0.198162014629,0.980169279236,0.128279797641,0.000000000000,0.000000000000,-0.012991141806,0.000000000000,0.000000000000
13.426000000000,0.342380225053,0.114078658559,0.000000000000,0.000000000000,0.000000000000,0.197953741023,0.980211363133,0.123360305474,0.000000000000,0.000000000000,-0.015339901114,0.000000000000,0.000000000000
13.447000000000,0.344725283520,0.115065661785,0.000000000000,0.000000000000,0.000000000000,0.197795419543,0.980243322858,0.118954209770,0.000000000000,0.000000000000,-0.015424872597,0.000000000000,0.000000000000
13.466000000000,0.346895360916,0.115978431048,0.000000000000,0.000000000000,0.000000000000,0.197733882482,0.980255737917,0.128859133746,0.000000000000,0.000000000000,0.002208675755,0.000000000000,0.000000000000
13.486000000000,0.349276049040,0.116979657042,0.000000000000,0.000000000000,0.000000000000,0.197747620064,0.980252966718,0.129406803513,0.000000000000,0.000000000000,0.000594185124,0.000000000000,0.000000000000
13.507000000000,0.351772160117,0.118029422927,0.000000000000,0.000000000000,0.000000000000,0.197733001864,0.980255915552,0.128485911287,0.000000000000,0.000000000000,-0.003434691683,0.000000000000,0.000000000000
13.516000000000,0.352838392249,0.118477794810,0.000000000000,0.000000000000,0.000000000000,0.197713846818,0.980259779230,0.128552137186,0.000000000000,0.000000000000,-0.005250119010,0.000000000000,0.000000000000
13.536000000000,0.355214553163,0.119476809385,0.000000000000,0.000000000000,0.000000000000,0.197660044808,0.980270629309,0.129210754371,0.000000000000,0.000000000000,-0.005726912362,0.000000000000,0.000000000000
13.567000000000,0.358891578477,0.121022267615,0.000000000000,0.000000000000,0.000000000000,0.197604354541,0.980281856951,0.128118491370,0.000000000000,0.000000000000,-0.001603512072,0.000000000000,0.000000000000
13.586000000000,0.361129503893,0.121962681204,0.000000000000,0.000000000000,0.000000000000,0.197589806422,0.980284789435,0.127406342233,0.000000000000,0.000000000000,-0.001520851908,0.000000000000,0.000000000000
13.606000000000,0.363483669416,0.122951841843,0.000000000000,0.000000000000,0.000000000000,0.197569407320,0.980288900932,0.127947022381,0.000000000000,0.000000000000,-0.002641012029,0.000000000000,0.000000000000
13.632000000000,0.366565752300,0.124246609326,0.000000000000,0.000000000000,0.000000000000,0.197523600611,0.980298131795,0.129206924564,0.000000000000,0.000000000000,-0.004547840898,0.000000000000,0.000000000000
13.646000000000,0.368213688149,0.124938739357,0.000000000000,0.000000000000,0.000000000000,0.197488098228,0.980305284622,0.126133446409,0.000000000000,0.000000000000,-0.005799522554,0.000000000000,0.000000000000
13.666000000000,0.370539836467,0.125915427991,0.000000000000,0.000000000000,0.000000000000,0.197420359280,0.980318928585,0.126153824634,0.000000000000,0.000000000000,-0.008020351126,0.000000000000,0.000000000000
13.676000000000,0.371495531437,0.126316639715,0.000000000000,0.000000000000,0.000000000000,0.197440585380,0.980314855159,0.081145352791,0.000000000000,0.000000000000,0.016273233437,0.000000000000,0.000000000000
13.707000000000,0.373742358231,0.127260668956,0.000000000000,0.000000000000,0.000000000000,0.197716180472,0.980259308540,0.076086454050,0.000000000000,0.000000000000,0.020002524426,0.000000000000,0.000000000000
13.728000000000,0.375202016787,0.127874805432,0.000000000000,0.000000000000,0.000000000000,0.197915577798,0.980219069425,0.074731927657,0.000000000000,0.000000000000,0.018743572703,0.000000000000,0.000000000000
13.746000000000,0.376423185166,0.128389140801,0.000000000000,0.000000000000,0.000000000000,0.198086003596,0.980184643411,0.072497344099,0.000000000000,0.000000000000,0.019893774455,0.000000000000,0.000000000000
13.766000000000,0.377887082001,0.129006688450,0.000000000000,0.000000000000,0.000000000000,0.198438854178,0.980113269552,0.086384982380,0.000000000000,0.000000000000,0.052105603969,0.000000000000,0.000000000000
13.786000000000,0.379080167707,0.129510688180,0.000000000000,0.000000000000,0.000000000000,0.198682189188,0.980063971228,0.043132171754,0.000000000000,0.000000000000,-0.002449888370,0.000000000000,0.000000000000
13.797000000000,0.379788015746,0.129810129865,0.000000000000,0.000000000000,0.000000000000,0.198806577635,0.980038746524,0.096609523484,0.000000000000,0.000000000000,0.048602737618,0.000000000000,0.000000000000
13.826000000000,0.382274881479,0.130862541503,0.000000000000,0.000000000000,0.000000000000,0.198862328258,0.980027435534,0.089623826569,0.000000000000,0.000000000000,-0.040756328016,0.000000000000,0.000000000000
13.846000000000,0.383900607306,0.131549845291,0.000000000000,0.000000000000,0.000000000000,0.198448375594,0.980111341749,0.086880323982,0.000000000000,0.000000000000,-0.043717825070,0.000000000000,0.000000000000
13.872000000000,0.385951833240,0.132414650387,0.000000000000,0.000000000000,0.000000000000,0.197892857407,0.980223656615,0.084356341824,0.000000000000,0.000000000000,-0.043475776205,0.000000000000,0.000000000000
13.888000000000,0.387195998566,0.132937862884,0.000000000000,0.000000000000,0.000000000000,0.197564797945,0.980289829904,0.084356565212,0.000000000000,0.000000000000,-0.040190942077,0.000000000000,0.000000000000
13.907000000000,0.388636676422,0.133542506818,0.000000000000,0.000000000000,0.000000000000,0.197184040712,0.980366489681,0.080108397603,0.000000000000,0.000000000000,-0.041577000444,0.000000000000,0.000000000000
13.927000000000,0.390090797019,0.134151405503,0.000000000000,0.000000000000,0.000000000000,0.196772531222,0.980449167961,0.077537558787,0.000000000000,0.000000000000,-0.042369592198,0.000000000000,0.000000000000
13.948000000000,0.391231380208,0.134487509459,0.000000000000,0.000000000000,0.000000000000,0.196961720629,0.980411179356,0.035023731385,-0.012396244661,0.000000000000,0.079124965919,0.000000000000,0.000000000000
13.970000000000,0.394446664574,0.135428558471,0.000000000000,0.000000000000,0.000000000000,0.198948090726,0.980010029130,0.267546344583,-0.022663752679,0.000000000000,0.289324502291,0.000000000000,0.000000000000
13.977000000000,0.397071249610,0.136586641825,0.000000000000,0.000000000000,0.000000000000,0.198672478647,0.980065939735,0.551978690031,0.035251960257,0.000000000000,-0.450025024558,0.000000000000,0.000000000000
14.006000000000,0.405006866677,0.140490948382,0.000000000000,0.000000000000,0.000000000000,0.195479078561,0.980707871817,0.056960393194,-0.000000000000,0.000000000000,0.000744658555,0.000000000000,0.000000000000
14.016000000000,0.405657659542,0.140761015792,0.000000000000,0.000000000000,0.000000000000,0.195366373635,0.980730329934,0.083960544206,0.000000000000,0.000000000000,-0.046712938677,0.000000000000,0.000000000000
14.046000000000,0.407825928002,0.141659535213,0.000000000000,0.000000000000,0.000000000000,0.194934463217,0.980816269772,0.072510629254,0.000000000000,0.000000000000,-0.012004050112,0.000000000000,0.000000000000
14.066000000000,0.409163483024,0.142212952950,0.000000000000,0.000000000000,0.000000000000,0.194860620897,0.980830942835,0.072241733035,0.000000000000,0.000000000000,-0.003053156726,0.000000000000,0.000000000000
14.076000000000,0.409960137347,0.142542378182,0.000000000000,0.000000000000,0.000000000000,0.194749595263,0.980852993646,0.100173939458,0.000000000000,0.000000000000,-0.042224528340,0.000000000000,0.000000000000
14.107000000000,0.412731948218,0.143686306326,0.000000000000,0.000000000000,0.000000000000,0.194142093180,0.980973418425,0.093283141690,0.000000000000,0.000000000000,-0.037688110833,0.000000000000,0.000000000000
14.126000000000,0.414294269705,0.144329542188,0.000000000000,0.000000000000,0.000000000000,0.193937269813,0.981013932306,0.084564903534,0.000000000000,0.000000000000,-0.006268042735,0.000000000000,0.000000000000
14.146000000000,0.415867809498,0.144976924039,0.000000000000,0.000000000000,0.000000000000,0.193900298862,0.981021240393,0.085585933792,0.000000000000,0.000000000000,-0.001269222969,0.000000000000,0.000000000000
14.156000000000,0.416726496642,0.145330073578,0.000000000000,0.000000000000,0.000000000000,0.193817109098,0.981037679307,0.100108246515,0.000000000000,0.000000000000,-0.032650151162,0.000000000000,0.000000000000
14.187000000000,0.419353432001,0.146409470122,0.000000000000,0.000000000000,0.000000000000,0.193558373101,0.981088760614,0.083120817884,0.000000000000,0.000000000000,-0.001379551575,0.000000000000,0.000000000000
14.211000000000,0.421237085737,0.147182785015,0.000000000000,0.000000000000,0.000000000000,0.193542649913,0.981091862500,0.086563679440,0.000000000000,0.000000000000,-0.001291488321,0.000000000000,0.000000000000
14.229000000000,0.422800126225,0.147824142578,0.000000000000,0.000000000000,0.000000000000,0.193391050943,0.981121756672,0.101159361787,0.000000000000,0.000000000000,-0.033045914684,0.000000000000,0.000000000000
14.237000000000,0.423597011585,0.148150863996,0.000000000000,0.000000000000,0.000000000000,0.193262419527,0.981147102732,0.114156275034,0.000000000000,0.000000000000,-0.032506476470,0.000000000000,0.000000000000
14.268000000000,0.426514509020,0.149345817304,0.000000000000,0.000000000000,0.000000000000,0.193001518170,0.981198458001,0.089245649479,0.000000000000,0.000000000000,-0.001804189101,0.000000000000,0.000000000000
14.286000000000,0.428138668172,0.150010166281,0.000000000000,0.000000000000,0.000000000000,0.192853249384,0.981227610803,0.105729897755,0.000000000000,0.000000000000,-0.031775286316,0.000000000000,0.000000000000
14.297000000000,0.429160013709,0.150427680186,0.000000000000,0.000000000000,0.000000000000,0.192771285183,0.981243716723,0.094886060777,-0.000000000000,0.000000000000,0.001400153129,0.000000000000,0.000000000000
14.317000000000,0.431014918418,0.151185417217,0.000000000000,0.000000000000,0.000000000000,0.192626901712,0.981272070701,0.105484520289,0.000000000000,0.000000000000,-0.030828394535,0.000000000000,0.000000000000
14.347000000000,0.433877026884,0.152352652890,0.000000000000,0.000000000000,0.000000000000,0.192180306569,0.981359633247,0.100580258787,0.000000000000,0.000000000000,-0.029851373199,0.000000000000,0.000000000000
14.366000000000,0.436048415521,0.153236568649,0.000000000000,0.000000000000,0.000000000000,0.192033644714,0.981388342756,0.146199237220,0.000000000000,0.000000000000,-0.001610822093,0.000000000000,0.000000000000
14.390000000000,0.438955236171,0.154418836217,0.000000000000,0.000000000000,0.000000000000,0.191833057041,0.981427571564,0.115305002441,0.000000000000,0.000000000000,-0.032453787208,0.000000000000,0.000000000000
14.407000000000,0.440861512972,0.155192706351,0.000000000000,0.000000000000,0.000000000000,0.191433550555,0.981505576002,0.126738401432,0.000000000000,0.000000000000,-0.063322806194,0.000000000000,0.000000000000
14.428000000000,0.443336918293,0.156194613724,0.000000000000,0.000000000000,0.000000000000,0.190792769960,0.981630337210,0.127592839863,0.000000000000,0.000000000000,-0.061022575490,0.000000000000,0.000000000000
14.462000000000,0.447675145914,0.157944316748,0.000000000000,0.000000000000,0.000000000000,0.190268877444,0.981732017547,0.147571066974,0.000000000000,0.000000000000,-0.001761975796,0.000000000000,0.000000000000
14.466000000000,0.448222830947,0.158164892915,0.000000000000,0.000000000000,0.000000000000,0.190265465978,0.981732678715,0.147646116334,0.000000000000,0.000000000000,-0.001712969340,0.000000000000,0.000000000000
14.487000000000,0.451099826046,0.159323512446,0.000000000000,0.000000000000,0.000000000000,0.190248522767,0.981735962255,0.147737872559,0.000000000000,0.000000000000,-0.001574354075,0.000000000000,0.000000000000
14.506000000000,0.453707402545,0.160373544930,0.000000000000,0.000000000000,0.000000000000,0.190237241750,0.981738148312,0.148162526478,0.000000000000,0.000000000000,-0.000844777429,0.000000000000,0.000000000000
14.526000000000,0.456455601457,0.161480140342,0.000000000000,0.000000000000,0.000000000000,0.190228943397,0.981739756297,0.148100037264,0.000000000000,0.000000000000,-0.000845764124,0.000000000000,0.000000000000
14.547000000000,0.459183650367,0.162577803918,0.000000000000,0.000000000000,0.000000000000,0.189968855527,0.981790117046,0.131956918187,0.000000000000,0.000000000000,-0.049614936293,0.000000000000,0.000000000000
14.568000000000,0.461913668166,0.163674491948,0.000000000000,0.000000000000,0.000000000000,0.189711610305,0.981839857062,0.148239359142,0.000000000000,0.000000000000,-0.000291706394,0.000000000000,0.000000000000
14.586000000000,0.464380985341,0.164664953856,0.000000000000,0.000000000000,0.000000000000,0.189715614165,0.981839083426,0.147171399680,-0.000000000000,0.000000000000,0.001197910238,0.000000000000,0.000000000000
14.606000000000,0.467098620380,0.165755992618,0.000000000000,0.000000000000,0.000000000000,0.189740055214,0.981834360494,0.145675075329,-0.000000000000,0.000000000000,0.003780728013,0.000000000000,0.000000000000
14.633000000000,0.470728368090,0.167213608936,0.000000000000,0.000000000000,0.000000000000,0.189807900977,0.981821246830,0.144064544194,-0.000000000000,0.000000000000,0.006456529573,0.000000000000,0.000000000000
14.647000000000,0.472527743008,0.167936241482,0.000000000000,0.000000000000,0.000000000000,0.189760504935,0.981830408353,0.132943814294,0.000000000000,0.000000000000,-0.020248921295,0.000000000000,0.000000000000
14.666000000000,0.474835113575,0.168862494678,0.000000000000,0.000000000000,0.000000000000,0.189664849523,0.981848891050,0.128776553573,0.000000000000,0.000000000000,-0.000261537116,0.000000000000,0.000000000000
14.686000000000,0.477235780006,0.169826068218,0.000000000000,0.000000000000,0.000000000000,0.189715441783,0.981839116734,0.129906134264,-0.000000000000,0.000000000000,0.010567096678,0.000000000000,0.000000000000
14.707000000000,0.479708777284,0.170819165110,0.000000000000,0.000000000000,0.000000000000,0.189835928793,0.981815828014,0.123898602215,-0.000000000000,0.000000000000,0.012807587036,0.000000000000,0.000000000000
14.727000000000,0.482006061070,0.171742375813,0.000000000000,0.000000000000,0.000000000000,0.189961523798,0.981791535651,0.123686350833,-0.000000000000,0.000000000000,0.012776958525,0.000000000000,0.000000000000
14.747000000000,0.484262962624,0.172650028664,0.000000000000,0.000000000000,0.000000000000,0.190089105933,0.981766841875,0.119571504607,-0.000000000000,0.000000000000,0.013213026960,0.000000000000,0.000000000000
14.756000000000,0.485241957815,0.173043964605,0.000000000000,0.000000000000,0.000000000000,0.190146705118,0.981755687803,0.114935291928,-0.000000000000,0.000000000000,0.012862189944,0.000000000000,0.000000000000
14.787000000000,0.488422252569,0.174324590731,0.000000000000,0.000000000000,0.000000000000,0.190338180935,0.981718583342,0.106255115757,-0.000000000000,0.000000000000,0.012303973264,0.000000000000,0.000000000000
14.806000000000,0.490294143822,0.175079050584,0.000000000000,0.000000000000,0.000000000000,0.190453050641,0.981696305128,0.106188432865,-0.000000000000,0.000000000000,0.012329736174,0.000000000000,0.000000000000
14.826000000000,0.492223644572,0.175857261067,0.000000000000,0.000000000000,0.000000000000,0.190573161080,0.981672995593,0.101864078905,-0.000000000000,0.000000000000,0.012140533242,0.000000000000,0.000000000000
14.836000000000,0.493137877266,0.176226181972,0.000000000000,0.000000000000,0.000000000000,0.190628372506,0.981662275732,0.095308338727,-0.000000000000,0.000000000000,0.010356460158,0.000000000000,0.000000000000
14.866000000000,0.495713485748,0.177266179106,0.000000000000,0.000000000000,0.000000000000,0.190792514501,0.981630386862,0.089868493308,-0.000000000000,0.000000000000,0.011938330252,0.000000000000,0.000000000000
14.886000000000,0.497379011247,0.177939260805,0.000000000000,0.000000000000,0.000000000000,0.190909500400,0.981607641911,0.089770428040,-0.000000000000,0.000000000000,0.011896965704,0.000000000000,0.000000000000
14.906000000000,0.498981662998,0.178587345669,0.000000000000,0.000000000000,0.000000000000,0.191013391823,0.981587430718,0.083102550200,-0.000000000000,0.000000000000,0.009270859082,0.000000000000,0.000000000000
14.926000000000,0.500511917269,0.179206532195,0.000000000000,0.000000000000,0.000000000000,0.191114536306,0.981567742956,0.081975313725,-0.000000000000,0.000000000000,0.011337696929,0.000000000000,0.000000000000
14.946000000000,0.501995517988,0.179807209952,0.000000000000,0.000000000000,0.000000000000,0.191224955860,0.981546237452,0.078083578389,-0.000000000000,0.000000000000,0.011161160364,0.000000000000,0.000000000000
14.956000000000,0.502704159102,0.180094264543,0.000000000000,0.000000000000,0.000000000000,0.191281032914,0.981535310851,0.074831112776,-0.000000000000,0.000000000000,0.011691503683,0.000000000000,0.000000000000
14.976000000000,0.504024780196,0.180629472193,0.000000000000,0.000000000000,0.000000000000,0.191391291396,0.981513817314,0.067664056521,-0.000000000000,0.000000000000,0.010775276249,0.000000000000,0.000000000000
15.023000000000,0.506898237693,0.181795206792,0.000000000000,0.000000000000,0.000000000000,0.191636553365,0.981465960395,0.064289923546,-0.000000000000,0.000000000000,0.010491737523,0.000000000000,0.000000000000
15.027000000000,0.507136139755,0.181891798230,0.000000000000,0.000000000000,0.000000000000,0.191657145145,0.981461939514,0.064091634063,-0.000000000000,0.000000000000,0.010488941026,0.000000000000,0.000000000000
15.046000000000,0.508256041841,0.182346660203,0.000000000000,0.000000000000,0.000000000000,0.191762685148,0.981441324066,0.063145362672,-0.000000000000,0.000000000000,0.012149920878,0.000000000000,0.000000000000
15.072000000000,0.509708849811,0.182937150451,0.000000000000,0.000000000000,0.000000000000,0.191903272663,0.981413844380,0.057487332826,-0.000000000000,0.000000000000,0.009888229254,0.000000000000,0.000000000000
15.088000000000,0.510533759119,0.183272650431,0.000000000000,0.000000000000,0.000000000000,0.191980808807,0.981398679971,0.053828350613,-0.000000000000,0.000000000000,0.009863057147,0.000000000000,0.000000000000
15.106000000000,0.511723300464,0.183756928930,0.000000000000,0.000000000000,0.000000000000,0.192188439929,0.981358040451,0.088876314804,-0.000000000000,0.000000000000,0.037152702448,0.000000000000,0.000000000000
15.116000000000,0.512591655572,0.184110794969,0.000000000000,0.000000000000,0.000000000000,0.192359094016,0.981324604272,0.098661606050,-0.000000000000,0.000000000000,0.032406821075,0.000000000000,0.000000000000
15.149000000000,0.515547257719,0.185317899111,0.000000000000,0.000000000000,0.000000000000,0.192965833040,0.981205476584,0.094829242238,-0.000000000000,0.000000000000,0.042541453551,0.000000000000,0.000000000000
15.166000000000,0.517020909645,0.185921441726,0.000000000000,0.000000000000,0.000000000000,0.193312597853,0.981137217473,0.092518444676,-0.000000000000,0.000000000000,0.040616009340,0.000000000000,0.000000000000
15.186000000000,0.518696715184,0.186609254599,0.000000000000,0.000000000000,0.000000000000,0.193710437918,0.981058747599,0.088628216628,-0.000000000000,0.000000000000,0.040484974880,0.000000000000,0.000000000000
15.200000000000,0.519821808024,0.187071949841,0.000000000000,0.000000000000,0.000000000000,0.193992574533,0.981002997460,0.085160354676,-0.000000000000,0.000000000000,0.041684162625,0.000000000000,0.000000000000
15.229000000000,0.521413768371,0.187717563514,0.000000000000,0.000000000000,0.000000000000,0.194317908808,0.980938606803,0.033312987126,-0.000636067429,0.000000000000,0.004060004868,0.000000000000,0.000000000000
15.247000000000,0.522341277567,0.187990469787,0.000000000000,0.000000000000,0.000000000000,0.194939441591,0.980815280322,0.073507296539,-0.010712171531,0.000000000000,0.136751125932,0.000000000000,0.000000000000
15.258000000000,0.523129724435,0.188253228906,0.000000000000,0.000000000000,0.000000000000,0.195175241765,0.980768384993,0.077220273947,0.000000000000,0.000000000000,-0.049326338530,0.000000000000,0.000000000000
15.286000000000,0.531344115472,0.191616855429,0.000000000000,0.000000000000,0.000000000000,0.192817980395,0.981234542011,0.556807980327,0.000000000000,0.000000000000,-0.293946811108,0.000000000000,0.000000000000
15.306000000000,0.537500255415,0.194129337637,0.000000000000,0.000000000000,0.000000000000,0.191084454134,0.981573599578,0.108103299167,0.000000000000,0.000000000000,-0.059327820961,0.000000000000,0.000000000000
15.328000000000,0.539143446792,0.194793920673,0.000000000000,0.000000000000,0.000000000000,0.190786228892,0.981631608530,0.053032872620,0.000000000000,0.000000000000,0.004088795875,0.000000000000,0.000000000000
15.340000000000,0.539893925773,0.195097251566,0.000000000000,0.000000000000,0.000000000000,0.190932772123,0.981603115587,0.081877421244,0.000000000000,0.000000000000,0.045673713695,0.000000000000,0.000000000000
15.366000000000,0.541726645932,0.195838920301,0.000000000000,0.000000000000,0.000000000000,0.191263807797,0.981538667515,0.070207422221,0.000000000000,0.000000000000,0.006211040863,0.000000000000,0.000000000000
15.389000000000,0.543263113427,0.196461434587,0.000000000000,0.000000000000,0.000000000000,0.191308870182,0.981529885531,0.073947934183,0.000000000000,0.000000000000,0.001773332909,0.000000000000,0.000000000000
15.406000000000,0.544575645368,0.196993574872,0.000000000000,0.000000000000,0.000000000000,0.191474735053,0.981497542451,0.092675916913,0.000000000000,0.000000000000,0.037988748550,0.000000000000,0.000000000000
15.426000000000,0.546190012239,0.197648739176,0.000000000000,0.000000000000,0.000000000000,0.191680513795,0.981457375861,0.081548673518,0.000000000000,0.000000000000,0.003943695140,0.000000000000,0.000000000000
15.446000000000,0.547737595469,0.198277238088,0.000000000000,0.000000000000,0.000000000000,0.191699431808,0.981453680947,0.085484997914,0.000000000000,0.000000000000,-0.000088601889,0.000000000000,0.000000000000
15.467000000000,0.549446168243,0.198971152835,0.000000000000,0.000000000000,0.000000000000,0.191698414742,0.981453879602,0.090144446042,0.000000000000,0.000000000000,-0.000108785727,0.000000000000,0.000000000000
15.486000000000,0.551049534923,0.199622337937,0.000000000000,0.000000000000,0.000000000000,0.191698588670,0.981453845630,0.092019424933,0.000000000000,0.000000000000,0.000146094086,0.000000000000,0.000000000000
15.506000000000,0.552750319171,0.200313089680,0.000000000000,0.000000000000,0.000000000000,0.191699334049,0.981453700042,0.091550862033,0.000000000000,0.000000000000,0.000005798769,0.000000000000,0.000000000000
15.526000000000,0.554466269667,0.201010002012,0.000000000000,0.000000000000,0.000000000000,0.191699086598,0.981453748374,0.093656397657,0.000000000000,0.000000000000,-0.000056224189,0.000000000000,0.000000000000
15.546000000000,0.557506559933,0.202242303864,0.000000000000,0.000000000000,0.000000000000,0.191219179224,0.981547362839,0.234397482933,0.000000000000,0.000000000000,-0.097734319351,0.000000000000,0.000000000000
15.566000000000,0.560812785237,0.203580419103,0.000000000000,0.000000000000,0.000000000000,0.190883676814,0.981612663899,0.122277151599,0.000000000000,0.000000000000,0.029374653811,0.000000000000,0.000000000000
15.588000000000,0.563155117081,0.204527921182,0.000000000000,0.000000000000,0.000000000000,0.191162458620,0.981558411107,0.107424040772,0.000000000000,0.000000000000,0.022263842061,0.000000000000,0.000000000000
15.606000000000,0.564917670727,0.205241954394,0.000000000000,0.000000000000,0.000000000000,0.191375738473,0.981516849944,0.103875259909,0.000000000000,0.000000000000,0.026023173297,0.000000000000,0.000000000000
15.627000000000,0.566960457837,0.206070757914,0.000000000000,0.000000000000,0.000000000000,0.191669182635,0.981459588790,0.106078733216,0.000000000000,0.000000000000,0.030925167731,0.000000000000,0.000000000000
