time,pos_x,pos_y,pos_z,q_x,q_y,q_z,q_w,vel_lin_x,vel_lin_y,vel_lin_z,vel_ang_x,vel_ang_y,vel_ang_z
16.760000000000,-0.021678205811,-0.000002502362,0.000000000000,0.000000000000,0.000000000000,0.000057716083,0.999999998334,-0.002586898085,0.000000000000,0.000000000000,0.000013774721,0.000000000000,0.000000000000
16.780000000000,-0.021686342160,-0.000002503297,0.000000000000,0.000000000000,0.000000000000,0.000057839895,0.999999998327,0.001773263149,0.000000000000,0.000000000000,0.000010987645,0.000000000000,0.000000000000
16.800000000000,-0.021705641332,-0.000002505529,0.000000000000,0.000000000000,0.000000000000,0.000057830358,0.999999998328,-0.003703180386,0.000000000000,0.000000000000,-0.000012894963,0.000000000000,0.000000000000
16.820000000000,-0.021720215597,-0.000002507215,0.000000000000,0.000000000000,0.000000000000,0.000057813962,0.999999998329,0.002245753971,0.000000000000,0.000000000000,0.000009615701,0.000000000000,0.000000000000
16.840000000000,-0.021673671676,-0.000002501841,0.000000000000,0.000000000000,0.000000000000,0.000057660972,0.999999998338,0.002408638091,0.000000000000,0.000000000000,-0.000040213648,0.000000000000,0.000000000000
16.860000000000,-0.021685231286,-0.000002503172,0.000000000000,0.000000000000,0.000000000000,0.000057628838,0.999999998339,-0.003564599087,0.000000000000,0.000000000000,0.000033786773,0.000000000000,0.000000000000
16.880000000000,-0.021706688132,-0.000002505639,0.000000000000,0.000000000000,0.000000000000,0.000057823710,0.999999998328,0.001418914521,0.000000000000,0.000000000000,0.000005187680,0.000000000000,0.000000000000
16.900000000000,-0.021718367957,-0.000002506995,0.000000000000,0.000000000000,0.000000000000,0.000057918521,0.999999998323,-0.002586897032,0.000000000000,0.000000000000,0.000013774586,0.000000000000,0.000000000000
16.920000000000,-0.021726504295,-0.000002507933,0.000000000000,0.000000000000,0.000000000000,0.000058042332,0.999999998316,0.001773263234,0.000000000000,0.000000000000,0.000010987622,0.000000000000,0.000000000000
16.940000000000,-0.021745803460,-0.000002510173,0.000000000000,0.000000000000,0.000000000000,0.000058032796,0.999999998316,-0.003703179740,0.000000000000,0.000000000000,-0.000012894918,0.000000000000,0.000000000000
16.960000000000,-0.021760377707,-0.000002511865,0.000000000000,0.000000000000,0.000000000000,0.000058016400,0.999999998317,0.002245754940,0.000000000000,0.000000000000,0.000009615769,0.000000000000,0.000000000000
16.981000000000,-0.021711506584,-0.000002506202,0.000000000000,0.000000000000,0.000000000000,0.000057855761,0.999999998326,0.002408637819,0.000000000000,0.000000000000,-0.000040213648,0.000000000000,0.000000000000
17.000000000000,-0.021722488216,-0.000002507471,0.000000000000,0.000000000000,0.000000000000,0.000057825233,0.999999998328,-0.003564599087,0.000000000000,0.000000000000,0.000033786773,0.000000000000,0.000000000000
17.020000000000,-0.021743945051,-0.000002509947,0.000000000000,0.000000000000,0.000000000000,0.000058020107,0.999999998317,0.001418915575,0.000000000000,0.000000000000,0.000005187906,0.000000000000,0.000000000000
17.040000000000,-0.021755624854,-0.000002511307,0.000000000000,0.000000000000,0.000000000000,0.000058114919,0.999999998311,-0.002586895944,0.000000000000,0.000000000000,0.000013774586,0.000000000000,0.000000000000
17.060000000000,-0.021763761180,-0.000002512248,0.000000000000,0.000000000000,0.000000000000,0.000058238730,0.999999998304,0.001773263370,0.000000000000,0.000000000000,0.000010987622,0.000000000000,0.000000000000
17.074000000000,-0.021777270589,-0.000002513822,0.000000000000,0.000000000000,0.000000000000,0.000058232055,0.999999998305,-0.003703178924,0.000000000000,0.000000000000,-0.000012894918,0.000000000000,0.000000000000
17.100000000000,-0.021796217089,-0.000002516029,0.000000000000,0.000000000000,0.000000000000,0.000058210741,0.999999998306,0.002245755858,0.000000000000,0.000000000000,0.000009615814,0.000000000000,0.000000000000
17.120000000000,-0.021749673155,-0.000002510618,0.000000000000,0.000000000000,0.000000000000,0.000058057751,0.999999998315,0.002408637547,0.000000000000,0.000000000000,-0.000040213648,0.000000000000,0.000000000000
17.140000000000,-0.021761232771,-0.000002511958,0.000000000000,0.000000000000,0.000000000000,0.000058025617,0.999999998317,-0.003564599189,0.000000000000,0.000000000000,0.000033786728,0.000000000000,0.000000000000
17.160000000000,-0.021782689597,-0.000002514443,0.000000000000,0.000000000000,0.000000000000,0.000058220491,0.999999998305,0.001418916578,0.000000000000,0.000000000000,0.000005188109,0.000000000000,0.000000000000
17.180000000000,-0.021794369379,-0.000002515808,0.000000000000,0.000000000000,0.000000000000,0.000058315305,0.999999998300,-0.002586894754,0.000000000000,0.000000000000,0.000013774631,0.000000000000,0.000000000000
17.200000000000,-0.021802505692,-0.000002516752,0.000000000000,0.000000000000,0.000000000000,0.000058439116,0.999999998292,0.001773263472,0.000000000000,0.000000000000,0.000010987667,0.000000000000,0.000000000000
17.220000000000,-0.021821804839,-0.000002519007,0.000000000000,0.000000000000,0.000000000000,0.000058429580,0.999999998293,-0.003703178211,0.000000000000,0.000000000000,-0.000012894963,0.000000000000,0.000000000000
17.240000000000,-0.021836379053,-0.000002520711,0.000000000000,0.000000000000,0.000000000000,0.000058413185,0.999999998294,0.002245756793,0.000000000000,0.000000000000,0.000009615927,0.000000000000,0.000000000000
17.260000000000,-0.021789835111,-0.000002515281,0.000000000000,0.000000000000,0.000000000000,0.000058260196,0.999999998303,0.002408637377,0.000000000000,0.000000000000,-0.000040213603,0.000000000000,0.000000000000
17.280000000000,-0.021801394730,-0.000002516625,0.000000000000,0.000000000000,0.000000000000,0.000058228062,0.999999998305,-0.003564599189,0.000000000000,0.000000000000,0.000033786728,0.000000000000,0.000000000000
17.300000000000,-0.021822851545,-0.000002519119,0.000000000000,0.000000000000,0.000000000000,0.000058422937,0.999999998293,0.001418917631,0.000000000000,0.000000000000,0.000005188335,0.000000000000,0.000000000000
17.320000000000,-0.021834531306,-0.000002520488,0.000000000000,0.000000000000,0.000000000000,0.000058517752,0.999999998288,-0.002586893768,0.000000000000,0.000000000000,0.000013774586,0.000000000000,0.000000000000
17.340000000000,-0.021842667608,-0.000002521436,0.000000000000,0.000000000000,0.000000000000,0.000058641563,0.999999998281,0.001773263608,0.000000000000,0.000000000000,0.000010987667,0.000000000000,0.000000000000
17.360000000000,-0.021861966746,-0.000002523699,0.000000000000,0.000000000000,0.000000000000,0.000058632027,0.999999998281,-0.003703177395,0.000000000000,0.000000000000,-0.000012894963,0.000000000000,0.000000000000
17.380000000000,-0.021876540942,-0.000002525409,0.000000000000,0.000000000000,0.000000000000,0.000058615632,0.999999998282,0.002245757762,0.000000000000,0.000000000000,0.000009615995,0.000000000000,0.000000000000
17.400000000000,-0.021829996993,-0.000002519960,0.000000000000,0.000000000000,0.000000000000,0.000058462644,0.999999998291,0.002408637105,0.000000000000,0.000000000000,-0.000040213603,0.000000000000,0.000000000000
17.420000000000,-0.021841556615,-0.000002521309,0.000000000000,0.000000000000,0.000000000000,0.000058430509,0.999999998293,-0.003564599291,0.000000000000,0.000000000000,0.000033786683,0.000000000000,0.000000000000
17.441000000000,-0.021864086261,-0.000002523936,0.000000000000,0.000000000000,0.000000000000,0.000058635129,0.999999998281,0.001418918685,0.000000000000,0.000000000000,0.000005188560,0.000000000000,0.000000000000
17.460000000000,-0.021875182013,-0.000002525241,0.000000000000,0.000000000000,0.000000000000,0.000058725204,0.999999998276,-0.002586892511,0.000000000000,0.000000000000,0.000013774541,0.000000000000,0.000000000000
17.480000000000,-0.021883318300,-0.000002526193,0.000000000000,0.000000000000,0.000000000000,0.000058849015,0.999999998268,0.001773263744,0.000000000000,0.000000000000,0.000010987667,0.000000000000,0.000000000000
17.500000000000,-0.021902617429,-0.000002528463,0.000000000000,0.000000000000,0.000000000000,0.000058839478,0.999999998269,-0.003703176681,0.000000000000,0.000000000000,-0.000012895009,0.000000000000,0.000000000000
17.520000000000,-0.021917191609,-0.000002530179,0.000000000000,0.000000000000,0.000000000000,0.000058823083,0.999999998270,0.002245758680,0.000000000000,0.000000000000,0.000009616040,0.000000000000,0.000000000000
17.540000000000,-0.021870647655,-0.000002524711,0.000000000000,0.000000000000,0.000000000000,0.000058670095,0.999999998279,0.002408636833,0.000000000000,0.000000000000,-0.000040213603,0.000000000000,0.000000000000
17.560000000000,-0.021882207279,-0.000002526065,0.000000000000,0.000000000000,0.000000000000,0.000058637961,0.999999998281,-0.003564599291,0.000000000000,0.000000000000,0.000033786683,0.000000000000,0.000000000000
17.580000000000,-0.021903664074,-0.000002528576,0.000000000000,0.000000000000,0.000000000000,0.000058832838,0.999999998269,0.001418919739,0.000000000000,0.000000000000,0.000005188786,0.000000000000,0.000000000000
17.600000000000,-0.021915343792,-0.000002529955,0.000000000000,0.000000000000,0.000000000000,0.000058927655,0.999999998264,-0.002586891525,0.000000000000,0.000000000000,0.000013774496,0.000000000000,0.000000000000
17.620000000000,-0.021923480069,-0.000002530909,0.000000000000,0.000000000000,0.000000000000,0.000059051465,0.999999998256,0.001773263880,0.000000000000,0.000000000000,0.000010987667,0.000000000000,0.000000000000
17.640000000000,-0.021942779188,-0.000002533188,0.000000000000,0.000000000000,0.000000000000,0.000059041929,0.999999998257,-0.003703175865,0.000000000000,0.000000000000,-0.000012895009,0.000000000000,0.000000000000
17.660000000000,-0.021957353351,-0.000002534910,0.000000000000,0.000000000000,0.000000000000,0.000059025534,0.999999998258,0.002245759614,0.000000000000,0.000000000000,0.000009616152,0.000000000000,0.000000000000
17.680000000000,-0.021910809389,-0.000002529423,0.000000000000,0.000000000000,0.000000000000,0.000058872547,0.999999998267,0.002408636561,0.000000000000,0.000000000000,-0.000040213603,0.000000000000,0.000000000000
17.700000000000,-0.021922369017,-0.000002530781,0.000000000000,0.000000000000,0.000000000000,0.000058840413,0.999999998269,-0.003564599291,0.000000000000,0.000000000000,0.000033786683,0.000000000000,0.000000000000
17.720000000000,-0.021943825801,-0.000002533301,0.000000000000,0.000000000000,0.000000000000,0.000059035291,0.999999998257,0.001418920793,0.000000000000,0.000000000000,0.000005189011,0.000000000000,0.000000000000
17.740000000000,-0.021955505498,-0.000002534685,0.000000000000,0.000000000000,0.000000000000,0.000059130109,0.999999998252,-0.002586890437,0.000000000000,0.000000000000,0.000013774496,0.000000000000,0.000000000000
17.760000000000,-0.021963641762,-0.000002535643,0.000000000000,0.000000000000,0.000000000000,0.000059253919,0.999999998244,0.001773264016,0.000000000000,0.000000000000,0.000010987667,0.000000000000,0.000000000000
17.780000000000,-0.021982940873,-0.000002537929,0.000000000000,0.000000000000,0.000000000000,0.000059244382,0.999999998245,-0.003703175151,0.000000000000,0.000000000000,-0.000012895054,0.000000000000,0.000000000000
17.800000000000,-0.021997515019,-0.000002539657,0.000000000000,0.000000000000,0.000000000000,0.000059227988,0.999999998246,0.002245760532,0.000000000000,0.000000000000,0.000009616198,0.000000000000,0.000000000000
17.820000000000,-0.021950971051,-0.000002534151,0.000000000000,0.000000000000,0.000000000000,0.000059075001,0.999999998255,0.002408636289,0.000000000000,0.000000000000,-0.000040213603,0.000000000000,0.000000000000
17.840000000000,-0.021962530682,-0.000002535514,0.000000000000,0.000000000000,0.000000000000,0.000059042866,0.999999998257,-0.003564599393,0.000000000000,0.000000000000,0.000033786638,0.000000000000,0.000000000000
17.860000000000,-0.021983987458,-0.000002538042,0.000000000000,0.000000000000,0.000000000000,0.000059237746,0.999999998245,0.001418921847,0.000000000000,0.000000000000,0.000005189237,0.000000000000,0.000000000000
17.880000000000,-0.021995667132,-0.000002539431,0.000000000000,0.000000000000,0.000000000000,0.000059332564,0.999999998240,-0.002586889349,0.000000000000,0.000000000000,0.000013774496,0.000000000000,0.000000000000
17.900000000000,-0.022003803385,-0.000002540392,0.000000000000,0.000000000000,0.000000000000,0.000059456375,0.999999998232,0.001773264118,0.000000000000,0.000000000000,0.000010987712,0.000000000000,0.000000000000
17.920000000000,-0.022023102488,-0.000002542686,0.000000000000,0.000000000000,0.000000000000,0.000059446839,0.999999998233,-0.003703174437,0.000000000000,0.000000000000,-0.000012895099,0.000000000000,0.000000000000
17.940000000000,-0.022037676617,-0.000002544420,0.000000000000,0.000000000000,0.000000000000,0.000059430444,0.999999998234,0.002245761501,0.000000000000,0.000000000000,0.000009616265,0.000000000000,0.000000000000
17.960000000000,-0.021991132644,-0.000002538895,0.000000000000,0.000000000000,0.000000000000,0.000059277458,0.999999998243,0.002408635848,0.000000000000,0.000000000000,-0.000040213558,0.000000000000,0.000000000000
17.981000000000,-0.022003270262,-0.000002540331,0.000000000000,0.000000000000,0.000000000000,0.000059243716,0.999999998245,-0.003564599495,0.000000000000,0.000000000000,0.000033786593,0.000000000000,0.000000000000
18.000000000000,-0.022023654190,-0.000002542741,0.000000000000,0.000000000000,0.000000000000,0.000059428853,0.999999998234,0.001418922901,0.000000000000,0.000000000000,0.000005189462,0.000000000000,0.000000000000
18.020000000000,-0.022035333843,-0.000002544135,0.000000000000,0.000000000000,0.000000000000,0.000059523672,0.999999998228,-0.002586888261,0.000000000000,0.000000000000,0.000013774496,0.000000000000,0.000000000000
18.040000000000,-0.022043470083,-0.000002545099,0.000000000000,0.000000000000,0.000000000000,0.000059647483,0.999999998221,0.001773264254,0.000000000000,0.000000000000,0.000010987712,0.000000000000,0.000000000000
18.060000000000,-0.022062769177,-0.000002547400,0.000000000000,0.000000000000,0.000000000000,0.000059637947,0.999999998222,-0.003703173690,0.000000000000,0.000000000000,-0.000012895009,0.000000000000,0.000000000000
18.080000000000,-0.022077343290,-0.000002549139,0.000000000000,0.000000000000,0.000000000000,0.000059621554,0.999999998223,0.002245762385,0.000000000000,0.000000000000,0.000009616355,0.000000000000,0.000000000000
18.100000000000,-0.022030799311,-0.000002543597,0.000000000000,0.000000000000,0.000000000000,0.000059468568,0.999999998232,0.002408635576,0.000000000000,0.000000000000,-0.000040213558,0.000000000000,0.000000000000
18.120000000000,-0.022042358950,-0.000002544969,0.000000000000,0.000000000000,0.000000000000,0.000059436433,0.999999998234,-0.003564599495,0.000000000000,0.000000000000,0.000033786593,0.000000000000,0.000000000000
18.140000000000,-0.022063815705,-0.000002547514,0.000000000000,0.000000000000,0.000000000000,0.000059631314,0.999999998222,0.001418923955,0.000000000000,0.000000000000,0.000005189688,0.000000000000,0.000000000000
18.160000000000,-0.022075495337,-0.000002548912,0.000000000000,0.000000000000,0.000000000000,0.000059726135,0.999999998216,-0.002586887106,0.000000000000,0.000000000000,0.000013774406,0.000000000000,0.000000000000
18.180000000000,-0.022083631564,-0.000002549880,0.000000000000,0.000000000000,0.000000000000,0.000059849945,0.999999998209,0.001773264339,0.000000000000,0.000000000000,0.000010987690,0.000000000000,0.000000000000
18.200000000000,-0.022102930650,-0.000002552189,0.000000000000,0.000000000000,0.000000000000,0.000059840409,0.999999998210,-0.003703172874,0.000000000000,0.000000000000,-0.000012895009,0.000000000000,0.000000000000
18.220000000000,-0.022117504745,-0.000002553934,0.000000000000,0.000000000000,0.000000000000,0.000059824016,0.999999998211,0.002245763354,0.000000000000,0.000000000000,0.000009616423,0.000000000000,0.000000000000
18.240000000000,-0.022070960758,-0.000002548373,0.000000000000,0.000000000000,0.000000000000,0.000059671030,0.999999998220,0.002408635304,0.000000000000,0.000000000000,-0.000040213558,0.000000000000,0.000000000000
18.268000000000,-0.022087144258,-0.000002550300,0.000000000000,0.000000000000,0.000000000000,0.000059626041,0.999999998222,-0.003564599597,0.000000000000,0.000000000000,0.000033786548,0.000000000000,0.000000000000
18.280000000000,-0.022100018306,-0.000002551833,0.000000000000,0.000000000000,0.000000000000,0.000059742970,0.999999998215,0.001418925009,0.000000000000,0.000000000000,0.000005189913,0.000000000000,0.000000000000
18.300000000000,-0.022111697916,-0.000002553233,0.000000000000,0.000000000000,0.000000000000,0.000059837792,0.999999998210,-0.002586886018,0.000000000000,0.000000000000,0.000013774406,0.000000000000,0.000000000000
18.320000000000,-0.022119834131,-0.000002554203,0.000000000000,0.000000000000,0.000000000000,0.000059961602,0.999999998202,0.001773264526,0.000000000000,0.000000000000,0.000010987712,0.000000000000,0.000000000000
18.340000000000,-0.022139133207,-0.000002556516,0.000000000000,0.000000000000,0.000000000000,0.000059952066,0.999999998203,-0.003703172160,0.000000000000,0.000000000000,-0.000012895054,0.000000000000,0.000000000000
18.360000000000,-0.022153707285,-0.000002558265,0.000000000000,0.000000000000,0.000000000000,0.000059935673,0.999999998204,0.002245764323,0.000000000000,0.000000000000,0.000009616491,0.000000000000,0.000000000000
18.380000000000,-0.022107163291,-0.000002552693,0.000000000000,0.000000000000,0.000000000000,0.000059782688,0.999999998213,0.002408635134,0.000000000000,0.000000000000,-0.000040213512,0.000000000000,0.000000000000
18.400000000000,-0.022118722936,-0.000002554072,0.000000000000,0.000000000000,0.000000000000,0.000059750553,0.999999998215,-0.003564599597,0.000000000000,0.000000000000,0.000033786548,0.000000000000,0.000000000000
18.420000000000,-0.022140179671,-0.000002556631,0.000000000000,0.000000000000,0.000000000000,0.000059945436,0.999999998203,0.001418926063,0.000000000000,0.000000000000,0.000005190139,0.000000000000,0.000000000000
18.440000000000,-0.022151859259,-0.000002558036,0.000000000000,0.000000000000,0.000000000000,0.000060040259,0.999999998198,-0.002586884930,0.000000000000,0.000000000000,0.000013774406,0.000000000000,0.000000000000
18.460000000000,-0.022159995462,-0.000002559009,0.000000000000,0.000000000000,0.000000000000,0.000060164070,0.999999998190,0.001773264628,0.000000000000,0.000000000000,0.000010987757,0.000000000000,0.000000000000
18.480000000000,-0.022179294530,-0.000002561330,0.000000000000,0.000000000000,0.000000000000,0.000060154533,0.999999998191,-0.003703171446,0.000000000000,0.000000000000,-0.000012895099,0.000000000000,0.000000000000
18.500000000000,-0.022193868593,-0.000002563084,0.000000000000,0.000000000000,0.000000000000,0.000060138141,0.999999998192,0.002245765207,0.000000000000,0.000000000000,0.000009616581,0.000000000000,0.000000000000
18.520000000000,-0.022147324592,-0.000002557494,0.000000000000,0.000000000000,0.000000000000,0.000059985156,0.999999998201,0.002408634862,0.000000000000,0.000000000000,-0.000040213512,0.000000000000,0.000000000000
18.540000000000,-0.022158884241,-0.000002558878,0.000000000000,0.000000000000,0.000000000000,0.000059953021,0.999999998203,-0.003564599699,0.000000000000,0.000000000000,0.000033786503,0.000000000000,0.000000000000
18.560000000000,-0.022180340966,-0.000002561445,0.000000000000,0.000000000000,0.000000000000,0.000060147905,0.999999998191,0.001418927117,0.000000000000,0.000000000000,0.000005190364,0.000000000000,0.000000000000
18.580000000000,-0.022192020533,-0.000002562855,0.000000000000,0.000000000000,0.000000000000,0.000060242729,0.999999998185,-0.002586883842,0.000000000000,0.000000000000,0.000013774406,0.000000000000,0.000000000000
18.600000000000,-0.022200156725,-0.000002563831,0.000000000000,0.000000000000,0.000000000000,0.000060366540,0.999999998178,0.001773264713,0.000000000000,0.000000000000,0.000010987735,0.000000000000,0.000000000000
18.620000000000,-0.022219455785,-0.000002566161,0.000000000000,0.000000000000,0.000000000000,0.000060357003,0.999999998179,-0.003703170732,0.000000000000,0.000000000000,-0.000012895144,0.000000000000,0.000000000000
18.640000000000,-0.022234029830,-0.000002567921,0.000000000000,0.000000000000,0.000000000000,0.000060340610,0.999999998180,0.002245766175,0.000000000000,0.000000000000,0.000009616649,0.000000000000,0.000000000000
18.660000000000,-0.022187485823,-0.000002562311,0.000000000000,0.000000000000,0.000000000000,0.000060187626,0.999999998189,0.002408634590,0.000000000000,0.000000000000,-0.000040213512,0.000000000000,0.000000000000
18.680000000000,-0.022199045475,-0.000002563700,0.000000000000,0.000000000000,0.000000000000,0.000060155491,0.999999998191,-0.003564599801,0.000000000000,0.000000000000,0.000033786458,0.000000000000,0.000000000000
18.700000000000,-0.022220502191,-0.000002566276,0.000000000000,0.000000000000,0.000000000000,0.000060350376,0.999999998179,0.001418928170,0.000000000000,0.000000000000,0.000005190590,0.000000000000,0.000000000000
18.720000000000,-0.022232181736,-0.000002567691,0.000000000000,0.000000000000,0.000000000000,0.000060445201,0.999999998173,-0.002586882687,0.000000000000,0.000000000000,0.000013774315,0.000000000000,0.000000000000
18.746000000000,-0.022242758767,-0.000002568962,0.000000000000,0.000000000000,0.000000000000,0.000060606154,0.999999998163,0.001773264900,0.000000000000,0.000000000000,0.000010987757,0.000000000000,0.000000000000
18.760000000000,-0.022256268102,-0.000002570599,0.000000000000,0.000000000000,0.000000000000,0.000060599478,0.999999998164,-0.003703169814,0.000000000000,0.000000000000,-0.000012895099,0.000000000000,0.000000000000
18.780000000000,-0.022270842129,-0.000002572366,0.000000000000,0.000000000000,0.000000000000,0.000060583086,0.999999998165,0.002245767093,0.000000000000,0.000000000000,0.000009616694,0.000000000000,0.000000000000
18.800000000000,-0.022224298115,-0.000002566734,0.000000000000,0.000000000000,0.000000000000,0.000060430102,0.999999998174,0.002408634318,0.000000000000,0.000000000000,-0.000040213512,0.000000000000,0.000000000000
18.820000000000,-0.022235857770,-0.000002568129,0.000000000000,0.000000000000,0.000000000000,0.000060397967,0.999999998176,-0.003564599801,0.000000000000,0.000000000000,0.000033786458,0.000000000000,0.000000000000
18.840000000000,-0.022257314475,-0.000002570715,0.000000000000,0.000000000000,0.000000000000,0.000060592853,0.999999998164,0.001418929224,0.000000000000,0.000000000000,0.000005190815,0.000000000000,0.000000000000
18.860000000000,-0.022268994000,-0.000002572136,0.000000000000,0.000000000000,0.000000000000,0.000060687679,0.999999998159,-0.002586881701,0.000000000000,0.000000000000,0.000013774270,0.000000000000,0.000000000000
18.880000000000,-0.022277130167,-0.000002573119,0.000000000000,0.000000000000,0.000000000000,0.000060811489,0.999999998151,0.001773264985,0.000000000000,0.000000000000,0.000010987735,0.000000000000,0.000000000000
18.900000000000,-0.022296429208,-0.000002575465,0.000000000000,0.000000000000,0.000000000000,0.000060801952,0.999999998152,-0.003703169101,0.000000000000,0.000000000000,-0.000012895144,0.000000000000,0.000000000000
18.920000000000,-0.022311003219,-0.000002577238,0.000000000000,0.000000000000,0.000000000000,0.000060785560,0.999999998153,0.002245768028,0.000000000000,0.000000000000,0.000009616806,0.000000000000,0.000000000000
18.940000000000,-0.022264459199,-0.000002571587,0.000000000000,0.000000000000,0.000000000000,0.000060632576,0.999999998162,0.002408633944,0.000000000000,0.000000000000,-0.000040213558,0.000000000000,0.000000000000
18.960000000000,-0.022276018859,-0.000002572987,0.000000000000,0.000000000000,0.000000000000,0.000060600441,0.999999998164,-0.003564599903,0.000000000000,0.000000000000,0.000033786413,0.000000000000,0.000000000000
18.980000000000,-0.022297475555,-0.000002575582,0.000000000000,0.000000000000,0.000000000000,0.000060795328,0.999999998152,0.001418930278,0.000000000000,0.000000000000,0.000005191041,0.000000000000,0.000000000000
19.000000000000,-0.022309155057,-0.000002577007,0.000000000000,0.000000000000,0.000000000000,0.000060890155,0.999999998146,-0.002586880511,0.000000000000,0.000000000000,0.000013774315,0.000000000000,0.000000000000
19.020000000000,-0.022317291210,-0.000002577993,0.000000000000,0.000000000000,0.000000000000,0.000061013965,0.999999998139,0.001773265172,0.000000000000,0.000000000000,0.000010987757,0.000000000000,0.000000000000
19.041000000000,-0.022337555194,-0.000002580465,0.000000000000,0.000000000000,0.000000000000,0.000061003951,0.999999998139,-0.003703168387,0.000000000000,0.000000000000,-0.000012895189,0.000000000000,0.000000000000
19.060000000000,-0.022351400488,-0.000002582155,0.000000000000,0.000000000000,0.000000000000,0.000060988379,0.999999998140,0.002245768997,0.000000000000,0.000000000000,0.000009616874,0.000000000000,0.000000000000
19.080000000000,-0.022304856462,-0.000002576485,0.000000000000,0.000000000000,0.000000000000,0.000060835396,0.999999998150,0.002408633672,0.000000000000,0.000000000000,-0.000040213558,0.000000000000,0.000000000000
19.100000000000,-0.022316416125,-0.000002577889,0.000000000000,0.000000000000,0.000000000000,0.000060803260,0.999999998151,-0.003564600005,0.000000000000,0.000000000000,0.000033786368,0.000000000000,0.000000000000
19.120000000000,-0.022337872812,-0.000002580493,0.000000000000,0.000000000000,0.000000000000,0.000060998148,0.999999998140,0.001418931332,0.000000000000,0.000000000000,0.000005191266,0.000000000000,0.000000000000
19.140000000000,-0.022349552292,-0.000002581923,0.000000000000,0.000000000000,0.000000000000,0.000061092976,0.999999998134,-0.002586879423,0.000000000000,0.000000000000,0.000013774315,0.000000000000,0.000000000000
19.160000000000,-0.022357688434,-0.000002582913,0.000000000000,0.000000000000,0.000000000000,0.000061216786,0.999999998126,0.001773265274,0.000000000000,0.000000000000,0.000010987802,0.000000000000,0.000000000000
19.180000000000,-0.022376987458,-0.000002585275,0.000000000000,0.000000000000,0.000000000000,0.000061207249,0.999999998127,-0.003703167673,0.000000000000,0.000000000000,-0.000012895234,0.000000000000,0.000000000000
19.200000000000,-0.022391561436,-0.000002587059,0.000000000000,0.000000000000,0.000000000000,0.000061190857,0.999999998128,0.002245769813,0.000000000000,0.000000000000,0.000009616874,0.000000000000,0.000000000000
19.220000000000,-0.022345017404,-0.000002581371,0.000000000000,0.000000000000,0.000000000000,0.000061037874,0.999999998137,0.002408633400,0.000000000000,0.000000000000,-0.000040213558,0.000000000000,0.000000000000
19.240000000000,-0.022356577070,-0.000002582780,0.000000000000,0.000000000000,0.000000000000,0.000061005737,0.999999998139,-0.003564599937,0.000000000000,0.000000000000,0.000033786277,0.000000000000,0.000000000000
19.260000000000,-0.022378033745,-0.000002585392,0.000000000000,0.000000000000,0.000000000000,0.000061200626,0.999999998127,0.001418932386,0.000000000000,0.000000000000,0.000005191492,0.000000000000,0.000000000000
19.280000000000,-0.022389713205,-0.000002586826,0.000000000000,0.000000000000,0.000000000000,0.000061295455,0.999999998121,-0.002586878370,0.000000000000,0.000000000000,0.000013774180,0.000000000000,0.000000000000
19.300000000000,-0.022397849335,-0.000002587820,0.000000000000,0.000000000000,0.000000000000,0.000061419264,0.999999998114,0.001773265359,0.000000000000,0.000000000000,0.000010987780,0.000000000000,0.000000000000
19.320000000000,-0.022417148350,-0.000002590189,0.000000000000,0.000000000000,0.000000000000,0.000061409728,0.999999998114,-0.003703166925,0.000000000000,0.000000000000,-0.000012895144,0.000000000000,0.000000000000
19.340000000000,-0.022431722312,-0.000002591980,0.000000000000,0.000000000000,0.000000000000,0.000061393337,0.999999998115,0.002245770748,0.000000000000,0.000000000000,0.000009616987,0.000000000000,0.000000000000
19.360000000000,-0.022385178274,-0.000002586273,0.000000000000,0.000000000000,0.000000000000,0.000061240354,0.999999998125,0.002408633128,0.000000000000,0.000000000000,-0.000040213558,0.000000000000,0.000000000000
19.381000000000,-0.022397315926,-0.000002587757,0.000000000000,0.000000000000,0.000000000000,0.000061206611,0.999999998127,-0.003564600039,0.000000000000,0.000000000000,0.000033786232,0.000000000000,0.000000000000
19.400000000000,-0.022417699759,-0.000002590247,0.000000000000,0.000000000000,0.000000000000,0.000061391756,0.999999998116,0.001418933440,0.000000000000,0.000000000000,0.000005191718,0.000000000000,0.000000000000
19.420000000000,-0.022429379196,-0.000002591686,0.000000000000,0.000000000000,0.000000000000,0.000061486586,0.999999998110,-0.002586877180,0.000000000000,0.000000000000,0.000013774225,0.000000000000,0.000000000000
19.441000000000,-0.022437922118,-0.000002592732,0.000000000000,0.000000000000,0.000000000000,0.000061616586,0.999999998102,0.001773265546,0.000000000000,0.000000000000,0.000010987802,0.000000000000,0.000000000000
19.460000000000,-0.022456256173,-0.000002594990,0.000000000000,0.000000000000,0.000000000000,0.000061607526,0.999999998102,-0.003703166109,0.000000000000,0.000000000000,-0.000012895144,0.000000000000,0.000000000000
19.480000000000,-0.022470830118,-0.000002596787,0.000000000000,0.000000000000,0.000000000000,0.000061591136,0.999999998103,0.002245771665,0.000000000000,0.000000000000,0.000009617032,0.000000000000,0.000000000000
19.500000000000,-0.022424286073,-0.000002591061,0.000000000000,0.000000000000,0.000000000000,0.000061438153,0.999999998113,0.002408632856,0.000000000000,0.000000000000,-0.000040213558,0.000000000000,0.000000000000
19.520000000000,-0.022435845744,-0.000002592479,0.000000000000,0.000000000000,0.000000000000,0.000061406016,0.999999998115,-0.003564600039,0.000000000000,0.000000000000,0.000033786232,0.000000000000,0.000000000000
19.540000000000,-0.022457302400,-0.000002595108,0.000000000000,0.000000000000,0.000000000000,0.000061600907,0.999999998103,0.001418934494,0.000000000000,0.000000000000,0.000005191943,0.000000000000,0.000000000000
19.560000000000,-0.022468981817,-0.000002596552,0.000000000000,0.000000000000,0.000000000000,0.000061695738,0.999999998097,-0.002586876194,0.000000000000,0.000000000000,0.000013774180,0.000000000000,0.000000000000
19.580000000000,-0.022477117922,-0.000002597552,0.000000000000,0.000000000000,0.000000000000,0.000061819548,0.999999998089,0.001773265631,0.000000000000,0.000000000000,0.000010987780,0.000000000000,0.000000000000
19.600000000000,-0.022496416920,-0.000002599937,0.000000000000,0.000000000000,0.000000000000,0.000061810011,0.999999998090,-0.003703165395,0.000000000000,0.000000000000,-0.000012895189,0.000000000000,0.000000000000
19.620000000000,-0.022510990847,-0.000002601740,0.000000000000,0.000000000000,0.000000000000,0.000061793620,0.999999998091,0.002245772634,0.000000000000,0.000000000000,0.000009617100,0.000000000000,0.000000000000
19.640000000000,-0.022464446794,-0.000002595995,0.000000000000,0.000000000000,0.000000000000,0.000061640638,0.999999998100,0.002408632686,0.000000000000,0.000000000000,-0.000040213512,0.000000000000,0.000000000000
19.660000000000,-0.022476006468,-0.000002597418,0.000000000000,0.000000000000,0.000000000000,0.000061608502,0.999999998102,-0.003564600039,0.000000000000,0.000000000000,0.000033786232,0.000000000000,0.000000000000
19.680000000000,-0.022497463112,-0.000002600056,0.000000000000,0.000000000000,0.000000000000,0.000061803394,0.999999998090,0.001418935582,0.000000000000,0.000000000000,0.000005192124,0.000000000000,0.000000000000
19.700000000000,-0.022509142506,-0.000002601504,0.000000000000,0.000000000000,0.000000000000,0.000061898225,0.999999998084,-0.002586875004,0.000000000000,0.000000000000,0.000013774225,0.000000000000,0.000000000000
19.720000000000,-0.022517278599,-0.000002602507,0.000000000000,0.000000000000,0.000000000000,0.000062022035,0.999999998077,0.001773265767,0.000000000000,0.000000000000,0.000010987780,0.000000000000,0.000000000000
19.740000000000,-0.022536577588,-0.000002604900,0.000000000000,0.000000000000,0.000000000000,0.000062012498,0.999999998077,-0.003703164681,0.000000000000,0.000000000000,-0.000012895234,0.000000000000,0.000000000000
19.760000000000,-0.022551151499,-0.000002606709,0.000000000000,0.000000000000,0.000000000000,0.000061996108,0.999999998078,0.002245773518,0.000000000000,0.000000000000,0.000009617190,0.000000000000,0.000000000000
19.780000000000,-0.022504607440,-0.000002600945,0.000000000000,0.000000000000,0.000000000000,0.000061843126,0.999999998088,0.002408632414,0.000000000000,0.000000000000,-0.000040213512,0.000000000000,0.000000000000
19.800000000000,-0.022516167117,-0.000002602372,0.000000000000,0.000000000000,0.000000000000,0.000061810990,0.999999998090,-0.003564600141,0.000000000000,0.000000000000,0.000033786187,0.000000000000,0.000000000000
19.820000000000,-0.022537623752,-0.000002605019,0.000000000000,0.000000000000,0.000000000000,0.000062005882,0.999999998078,0.001418936636,0.000000000000,0.000000000000,0.000005192349,0.000000000000,0.000000000000
19.840000000000,-0.022549303125,-0.000002606473,0.000000000000,0.000000000000,0.000000000000,0.000062100715,0.999999998072,-0.002586873950,0.000000000000,0.000000000000,0.000013774090,0.000000000000,0.000000000000
19.860000000000,-0.022557439206,-0.000002607479,0.000000000000,0.000000000000,0.000000000000,0.000062224524,0.999999998064,0.001773265920,0.000000000000,0.000000000000,0.000010987848,0.000000000000,0.000000000000
19.880000000000,-0.022576738185,-0.000002609880,0.000000000000,0.000000000000,0.000000000000,0.000062214987,0.999999998065,-0.003703163866,0.000000000000,0.000000000000,-0.000012895234,0.000000000000,0.000000000000
19.900000000000,-0.022591312079,-0.000002611694,0.000000000000,0.000000000000,0.000000000000,0.000062198597,0.999999998066,0.002245774487,0.000000000000,0.000000000000,0.000009617258,0.000000000000,0.000000000000
19.920000000000,-0.022544768014,-0.000002605911,0.000000000000,0.000000000000,0.000000000000,0.000062045616,0.999999998075,0.002408632040,0.000000000000,0.000000000000,-0.000040213558,0.000000000000,0.000000000000
19.940000000000,-0.022556327695,-0.000002607344,0.000000000000,0.000000000000,0.000000000000,0.000062013479,0.999999998077,-0.003564600141,0.000000000000,0.000000000000,0.000033786187,0.000000000000,0.000000000000
19.960000000000,-0.022577784319,-0.000002609999,0.000000000000,0.000000000000,0.000000000000,0.000062208373,0.999999998065,0.001418937689,0.000000000000,0.000000000000,0.000005192575,0.000000000000,0.000000000000
19.980000000000,-0.022589463671,-0.000002611457,0.000000000000,0.000000000000,0.000000000000,0.000062303206,0.999999998059,-0.002586872863,0.000000000000,0.000000000000,0.000013774090,0.000000000000,0.000000000000
20.000000000000,-0.022597599739,-0.000002612467,0.000000000000,0.000000000000,0.000000000000,0.000062427016,0.999999998051,0.001773266005,0.000000000000,0.000000000000,0.000010987825,0.000000000000,0.000000000000
20.020000000000,-0.022616898710,-0.000002614876,0.000000000000,0.000000000000,0.000000000000,0.000062417478,0.999999998052,-0.003703163152,0.000000000000,0.000000000000,-0.000012895279,0.000000000000,0.000000000000
20.040000000000,-0.022631472587,-0.000002616696,0.000000000000,0.000000000000,0.000000000000,0.000062401089,0.999999998053,0.002245775456,0.000000000000,0.000000000000,0.000009617325,0.000000000000,0.000000000000
20.060000000000,-0.022584928515,-0.000002610894,0.000000000000,0.000000000000,0.000000000000,0.000062248108,0.999999998063,0.002408631768,0.000000000000,0.000000000000,-0.000040213558,0.000000000000,0.000000000000
20.080000000000,-0.022596488200,-0.000002612331,0.000000000000,0.000000000000,0.000000000000,0.000062215970,0.999999998065,-0.003564600243,0.000000000000,0.000000000000,0.000033786142,0.000000000000,0.000000000000
20.100000000000,-0.022617944815,-0.000002614995,0.000000000000,0.000000000000,0.000000000000,0.000062410865,0.999999998052,0.001418938743,0.000000000000,0.000000000000,0.000005192800,0.000000000000,0.000000000000
20.120000000000,-0.022629624144,-0.000002616458,0.000000000000,0.000000000000,0.000000000000,0.000062505700,0.999999998047,-0.002586871673,0.000000000000,0.000000000000,0.000013774135,0.000000000000,0.000000000000
20.140000000000,-0.022637760199,-0.000002617471,0.000000000000,0.000000000000,0.000000000000,0.000062629510,0.999999998039,0.001773266192,0.000000000000,0.000000000000,0.000010987848,0.000000000000,0.000000000000
20.160000000000,-0.022657059161,-0.000002619887,0.000000000000,0.000000000000,0.000000000000,0.000062619972,0.999999998039,-0.003703162438,0.000000000000,0.000000000000,-0.000012895324,0.000000000000,0.000000000000
20.181000000000,-0.022672361715,-0.000002621805,0.000000000000,0.000000000000,0.000000000000,0.000062602763,0.999999998040,0.002245776340,0.000000000000,0.000000000000,0.000009617415,0.000000000000,0.000000000000
20.201000000000,-0.022625817637,-0.000002615985,0.000000000000,0.000000000000,0.000000000000,0.000062449783,0.999999998050,0.002408631496,0.000000000000,0.000000000000,-0.000040213558,0.000000000000,0.000000000000
20.220000000000,-0.022636799341,-0.000002617354,0.000000000000,0.000000000000,0.000000000000,0.000062419252,0.999999998052,-0.003564600345,0.000000000000,0.000000000000,0.000033786097,0.000000000000,0.000000000000
20.240000000000,-0.022658255946,-0.000002620027,0.000000000000,0.000000000000,0.000000000000,0.000062614148,0.999999998040,0.001418939797,0.000000000000,0.000000000000,0.000005193026,0.000000000000,0.000000000000
20.260000000000,-0.022669935255,-0.000002621495,0.000000000000,0.000000000000,0.000000000000,0.000062708983,0.999999998034,-0.002586870687,0.000000000000,0.000000000000,0.000013774090,0.000000000000,0.000000000000
20.280000000000,-0.022678071299,-0.000002622511,0.000000000000,0.000000000000,0.000000000000,0.000062832793,0.999999998026,0.001773266276,0.000000000000,0.000000000000,0.000010987825,0.000000000000,0.000000000000
20.300000000000,-0.022697370252,-0.000002624935,0.000000000000,0.000000000000,0.000000000000,0.000062823255,0.999999998027,-0.003703161622,0.000000000000,0.000000000000,-0.000012895324,0.000000000000,0.000000000000
20.320000000000,-0.022711944095,-0.000002626767,0.000000000000,0.000000000000,0.000000000000,0.000062806866,0.999999998028,0.002245777309,0.000000000000,0.000000000000,0.000009617483,0.000000000000,0.000000000000
20.340000000000,-0.022665400010,-0.000002620928,0.000000000000,0.000000000000,0.000000000000,0.000062653886,0.999999998037,0.002408631224,0.000000000000,0.000000000000,-0.000040213558,0.000000000000,0.000000000000
20.361000000000,-0.022677537686,-0.000002622446,0.000000000000,0.000000000000,0.000000000000,0.000062620142,0.999999998039,-0.003564600345,0.000000000000,0.000000000000,0.000033786097,0.000000000000,0.000000000000
20.380000000000,-0.022697921451,-0.000002624994,0.000000000000,0.000000000000,0.000000000000,0.000062805294,0.999999998028,0.001418940851,0.000000000000,0.000000000000,0.000005193251,0.000000000000,0.000000000000
20.400000000000,-0.022709600738,-0.000002626466,0.000000000000,0.000000000000,0.000000000000,0.000062900131,0.999999998022,-0.002586869497,0.000000000000,0.000000000000,0.000013774135,0.000000000000,0.000000000000
20.420000000000,-0.022717736769,-0.000002627485,0.000000000000,0.000000000000,0.000000000000,0.000063023941,0.999999998014,0.001773266378,0.000000000000,0.000000000000,0.000010987870,0.000000000000,0.000000000000
20.440000000000,-0.022737035713,-0.000002629917,0.000000000000,0.000000000000,0.000000000000,0.000063014403,0.999999998015,-0.003703160806,0.000000000000,0.000000000000,-0.000012895324,0.000000000000,0.000000000000
20.460000000000,-0.022751609538,-0.000002631755,0.000000000000,0.000000000000,0.000000000000,0.000062998014,0.999999998016,0.002245778226,0.000000000000,0.000000000000,0.000009617528,0.000000000000,0.000000000000
20.480000000000,-0.022705065447,-0.000002625898,0.000000000000,0.000000000000,0.000000000000,0.000062845034,0.999999998025,0.002408630952,0.000000000000,0.000000000000,-0.000040213558,0.000000000000,0.000000000000
20.502000000000,-0.022717781111,-0.000002627493,0.000000000000,0.000000000000,0.000000000000,0.000062809683,0.999999998027,-0.003564600447,0.000000000000,0.000000000000,0.000033786052,0.000000000000,0.000000000000
20.520000000000,-0.022737092038,-0.000002629914,0.000000000000,0.000000000000,0.000000000000,0.000062985091,0.999999998016,0.001418941905,0.000000000000,0.000000000000,0.000005193477,0.000000000000,0.000000000000
20.540000000000,-0.022748771303,-0.000002631391,0.000000000000,0.000000000000,0.000000000000,0.000063079928,0.999999998010,-0.002586868444,0.000000000000,0.000000000000,0.000013774000,0.000000000000,0.000000000000
20.560000000000,-0.022756907322,-0.000002632413,0.000000000000,0.000000000000,0.000000000000,0.000063203738,0.999999998003,0.001773266565,0.000000000000,0.000000000000,0.000010987893,0.000000000000,0.000000000000
20.580000000000,-0.022776206258,-0.000002634851,0.000000000000,0.000000000000,0.000000000000,0.000063194201,0.999999998003,-0.003703160160,0.000000000000,0.000000000000,-0.000012895279,0.000000000000,0.000000000000
20.600000000000,-0.022790780068,-0.000002636694,0.000000000000,0.000000000000,0.000000000000,0.000063177812,0.999999998004,0.002245779161,0.000000000000,0.000000000000,0.000009617641,0.000000000000,0.000000000000
20.620000000000,-0.022744235970,-0.000002630820,0.000000000000,0.000000000000,0.000000000000,0.000063024833,0.999999998014,0.002408630681,0.000000000000,0.000000000000,-0.000040213558,0.000000000000,0.000000000000
20.641000000000,-0.022756373653,-0.000002632348,0.000000000000,0.000000000000,0.000000000000,0.000062991088,0.999999998016,-0.003564600549,0.000000000000,0.000000000000,0.000033786007,0.000000000000,0.000000000000
20.660000000000,-0.022776757400,-0.000002634911,0.000000000000,0.000000000000,0.000000000000,0.000063176242,0.999999998004,0.001418942959,0.000000000000,0.000000000000,0.000005193702,0.000000000000,0.000000000000
20.680000000000,-0.022788436644,-0.000002636391,0.000000000000,0.000000000000,0.000000000000,0.000063271080,0.999999997998,-0.002586867356,0.000000000000,0.000000000000,0.000013774000,0.000000000000,0.000000000000
20.700000000000,-0.022796572651,-0.000002637417,0.000000000000,0.000000000000,0.000000000000,0.000063394890,0.999999997991,0.001773266650,0.000000000000,0.000000000000,0.000010987870,0.000000000000,0.000000000000
20.720000000000,-0.022815871579,-0.000002639863,0.000000000000,0.000000000000,0.000000000000,0.000063385352,0.999999997991,-0.003703159446,0.000000000000,0.000000000000,-0.000012895324,0.000000000000,0.000000000000
20.740000000000,-0.022830445372,-0.000002641711,0.000000000000,0.000000000000,0.000000000000,0.000063368964,0.999999997992,0.002245780079,0.000000000000,0.000000000000,0.000009617686,0.000000000000,0.000000000000
20.760000000000,-0.022783901267,-0.000002635820,0.000000000000,0.000000000000,0.000000000000,0.000063215985,0.999999998002,0.002408630511,0.000000000000,0.000000000000,-0.000040213512,0.000000000000,0.000000000000
20.780000000000,-0.022795460967,-0.000002637279,0.000000000000,0.000000000000,0.000000000000,0.000063183848,0.999999998004,-0.003564600549,0.000000000000,0.000000000000,0.000033786007,0.000000000000,0.000000000000
20.800000000000,-0.022816917532,-0.000002639985,0.000000000000,0.000000000000,0.000000000000,0.000063378747,0.999999997992,0.001418944013,0.000000000000,0.000000000000,0.000005193928,0.000000000000,0.000000000000
20.820000000000,-0.022828596755,-0.000002641470,0.000000000000,0.000000000000,0.000000000000,0.000063473587,0.999999997986,-0.002586866268,0.000000000000,0.000000000000,0.000013774000,0.000000000000,0.000000000000
20.840000000000,-0.022836732749,-0.000002642498,0.000000000000,0.000000000000,0.000000000000,0.000063597396,0.999999997978,0.001773266837,0.000000000000,0.000000000000,0.000010987893,0.000000000000,0.000000000000
20.860000000000,-0.022856031668,-0.000002644952,0.000000000000,0.000000000000,0.000000000000,0.000063587859,0.999999997978,-0.003703158733,0.000000000000,0.000000000000,-0.000012895369,0.000000000000,0.000000000000
20.880000000000,-0.022870605445,-0.000002646807,0.000000000000,0.000000000000,0.000000000000,0.000063571471,0.999999997979,0.002245781048,0.000000000000,0.000000000000,0.000009617754,0.000000000000,0.000000000000
20.900000000000,-0.022824061333,-0.000002640896,0.000000000000,0.000000000000,0.000000000000,0.000063418492,0.999999997989,0.002408630137,0.000000000000,0.000000000000,-0.000040213558,0.000000000000,0.000000000000
20.920000000000,-0.022835621038,-0.000002642360,0.000000000000,0.000000000000,0.000000000000,0.000063386354,0.999999997991,-0.003564600651,0.000000000000,0.000000000000,0.000033785962,0.000000000000,0.000000000000
20.940000000000,-0.022857077594,-0.000002645075,0.000000000000,0.000000000000,0.000000000000,0.000063581254,0.999999997979,0.001418945016,0.000000000000,0.000000000000,0.000005194131,0.000000000000,0.000000000000
20.960000000000,-0.022868756796,-0.000002646565,0.000000000000,0.000000000000,0.000000000000,0.000063676095,0.999999997973,-0.002586865180,0.000000000000,0.000000000000,0.000013774000,0.000000000000,0.000000000000
20.980000000000,-0.022876892778,-0.000002647596,0.000000000000,0.000000000000,0.000000000000,0.000063799904,0.999999997965,0.001773266922,0.000000000000,0.000000000000,0.000010987870,0.000000000000,0.000000000000
21.000000000000,-0.022896191687,-0.000002650058,0.000000000000,0.000000000000,0.000000000000,0.000063790367,0.999999997965,-0.003703157815,0.000000000000,0.000000000000,-0.000012895324,0.000000000000,0.000000000000
21.020000000000,-0.022910765445,-0.000002651918,0.000000000000,0.000000000000,0.000000000000,0.000063773980,0.999999997966,0.002245781983,0.000000000000,0.000000000000,0.000009617866,0.000000000000,0.000000000000
21.041000000000,-0.022861894121,-0.000002645693,0.000000000000,0.000000000000,0.000000000000,0.000063613352,0.999999997977,0.002408629865,0.000000000000,0.000000000000,-0.000040213558,0.000000000000,0.000000000000
21.060000000000,-0.022872875844,-0.000002647088,0.000000000000,0.000000000000,0.000000000000,0.000063582821,0.999999997979,-0.003564600651,0.000000000000,0.000000000000,0.000033785962,0.000000000000,0.000000000000
21.080000000000,-0.022894332389,-0.000002649811,0.000000000000,0.000000000000,0.000000000000,0.000063777723,0.999999997966,0.001418946070,0.000000000000,0.000000000000,0.000005194356,0.000000000000,0.000000000000
21.100000000000,-0.022906011569,-0.000002651306,0.000000000000,0.000000000000,0.000000000000,0.000063872564,0.999999997960,-0.002586864024,0.000000000000,0.000000000000,0.000013773909,0.000000000000,0.000000000000
21.120000000000,-0.022914147539,-0.000002652341,0.000000000000,0.000000000000,0.000000000000,0.000063996373,0.999999997952,0.001773267024,0.000000000000,0.000000000000,0.000010987915,0.000000000000,0.000000000000
21.140000000000,-0.022933446439,-0.000002654810,0.000000000000,0.000000000000,0.000000000000,0.000063986836,0.999999997953,-0.003703157101,0.000000000000,0.000000000000,-0.000012895369,0.000000000000,0.000000000000
21.160000000000,-0.022948020181,-0.000002656676,0.000000000000,0.000000000000,0.000000000000,0.000063970449,0.999999997954,0.002245782901,0.000000000000,0.000000000000,0.000009617912,0.000000000000,0.000000000000
21.180000000000,-0.022901476057,-0.000002650728,0.000000000000,0.000000000000,0.000000000000,0.000063817471,0.999999997964,0.002408629593,0.000000000000,0.000000000000,-0.000040213558,0.000000000000,0.000000000000
21.205000000000,-0.022915925696,-0.000002652569,0.000000000000,0.000000000000,0.000000000000,0.000063777298,0.999999997966,-0.003564600753,0.000000000000,0.000000000000,0.000033785916,0.000000000000,0.000000000000
21.220000000000,-0.022932018098,-0.000002654619,0.000000000000,0.000000000000,0.000000000000,0.000063923475,0.999999997957,0.001418947124,0.000000000000,0.000000000000,0.000005194582,0.000000000000,0.000000000000
21.240000000000,-0.022943697256,-0.000002656117,0.000000000000,0.000000000000,0.000000000000,0.000064018317,0.999999997951,-0.002586862937,0.000000000000,0.000000000000,0.000013773909,0.000000000000,0.000000000000
21.260000000000,-0.022951833213,-0.000002657154,0.000000000000,0.000000000000,0.000000000000,0.000064142126,0.999999997943,0.001773267211,0.000000000000,0.000000000000,0.000010987938,0.000000000000,0.000000000000
21.280000000000,-0.022971132105,-0.000002659629,0.000000000000,0.000000000000,0.000000000000,0.000064132589,0.999999997944,-0.003703156387,0.000000000000,0.000000000000,-0.000012895415,0.000000000000,0.000000000000
21.300000000000,-0.022985705830,-0.000002661499,0.000000000000,0.000000000000,0.000000000000,0.000064116202,0.999999997945,0.002245783869,0.000000000000,0.000000000000,0.000009617979,0.000000000000,0.000000000000
21.320000000000,-0.022939161699,-0.000002655538,0.000000000000,0.000000000000,0.000000000000,0.000063963224,0.999999997954,0.002408629321,0.000000000000,0.000000000000,-0.000040213558,0.000000000000,0.000000000000
21.340000000000,-0.022950721414,-0.000002657015,0.000000000000,0.000000000000,0.000000000000,0.000063931086,0.999999997956,-0.003564600855,0.000000000000,0.000000000000,0.000033785871,0.000000000000,0.000000000000
21.360000000000,-0.022972177940,-0.000002659752,0.000000000000,0.000000000000,0.000000000000,0.000064125989,0.999999997944,0.001418948177,0.000000000000,0.000000000000,0.000005194807,0.000000000000,0.000000000000
21.380000000000,-0.022983857077,-0.000002661255,0.000000000000,0.000000000000,0.000000000000,0.000064220833,0.999999997938,-0.002586861849,0.000000000000,0.000000000000,0.000013773909,0.000000000000,0.000000000000
21.400000000000,-0.022991993022,-0.000002662296,0.000000000000,0.000000000000,0.000000000000,0.000064344642,0.999999997930,0.001773267296,0.000000000000,0.000000000000,0.000010987915,0.000000000000,0.000000000000
21.420000000000,-0.023011291906,-0.000002664779,0.000000000000,0.000000000000,0.000000000000,0.000064335104,0.999999997930,-0.003703155673,0.000000000000,0.000000000000,-0.000012895460,0.000000000000,0.000000000000
21.440000000000,-0.023025865615,-0.000002666655,0.000000000000,0.000000000000,0.000000000000,0.000064318717,0.999999997932,0.002245784753,0.000000000000,0.000000000000,0.000009618069,0.000000000000,0.000000000000
21.460000000000,-0.022979321478,-0.000002660675,0.000000000000,0.000000000000,0.000000000000,0.000064165740,0.999999997941,0.002408629049,0.000000000000,0.000000000000,-0.000040213558,0.000000000000,0.000000000000
21.480000000000,-0.022990881196,-0.000002662156,0.000000000000,0.000000000000,0.000000000000,0.000064133601,0.999999997943,-0.003564600855,0.000000000000,0.000000000000,0.000033785871,0.000000000000,0.000000000000
21.500000000000,-0.023012337712,-0.000002664903,0.000000000000,0.000000000000,0.000000000000,0.000064328506,0.999999997931,0.001418949231,0.000000000000,0.000000000000,0.000005195033,0.000000000000,0.000000000000
21.520000000000,-0.023024016827,-0.000002666410,0.000000000000,0.000000000000,0.000000000000,0.000064423350,0.999999997925,-0.002586860761,0.000000000000,0.000000000000,0.000013773909,0.000000000000,0.000000000000
21.540000000000,-0.023032152760,-0.000002667454,0.000000000000,0.000000000000,0.000000000000,0.000064547159,0.999999997917,0.001773267432,0.000000000000,0.000000000000,0.000010987915,0.000000000000,0.000000000000
21.560000000000,-0.023051451634,-0.000002669945,0.000000000000,0.000000000000,0.000000000000,0.000064537622,0.999999997917,-0.003703154857,0.000000000000,0.000000000000,-0.000012895460,0.000000000000,0.000000000000
21.580000000000,-0.023066025325,-0.000002671826,0.000000000000,0.000000000000,0.000000000000,0.000064521235,0.999999997919,0.002245785722,0.000000000000,0.000000000000,0.000009618137,0.000000000000,0.000000000000
21.601000000000,-0.023017153974,-0.000002665528,0.000000000000,0.000000000000,0.000000000000,0.000064360610,0.999999997929,0.002408628709,0.000000000000,0.000000000000,-0.000040213467,0.000000000000,0.000000000000
21.620000000000,-0.023028135709,-0.000002666940,0.000000000000,0.000000000000,0.000000000000,0.000064330079,0.999999997931,-0.003564600855,0.000000000000,0.000000000000,0.000033785871,0.000000000000,0.000000000000
21.640000000000,-0.023049592215,-0.000002669695,0.000000000000,0.000000000000,0.000000000000,0.000064524984,0.999999997918,0.001418950285,0.000000000000,0.000000000000,0.000005195258,0.000000000000,0.000000000000
21.660000000000,-0.023061271308,-0.000002671207,0.000000000000,0.000000000000,0.000000000000,0.000064619830,0.999999997912,-0.002586859605,0.000000000000,0.000000000000,0.000013773819,0.000000000000,0.000000000000
21.680000000000,-0.023069407228,-0.000002672254,0.000000000000,0.000000000000,0.000000000000,0.000064743638,0.999999997904,0.001773267568,0.000000000000,0.000000000000,0.000010987915,0.000000000000,0.000000000000
21.700000000000,-0.023088706094,-0.000002674752,0.000000000000,0.000000000000,0.000000000000,0.000064734101,0.999999997905,-0.003703154110,0.000000000000,0.000000000000,-0.000012895369,0.000000000000,0.000000000000
21.720000000000,-0.023103279768,-0.000002676640,0.000000000000,0.000000000000,0.000000000000,0.000064717715,0.999999997906,0.002245786691,0.000000000000,0.000000000000,0.000009618205,0.000000000000,0.000000000000
21.740000000000,-0.023056735617,-0.000002670623,0.000000000000,0.000000000000,0.000000000000,0.000064564739,0.999999997916,0.002408628437,0.000000000000,0.000000000000,-0.000040213467,0.000000000000,0.000000000000
21.760000000000,-0.023068295342,-0.000002672113,0.000000000000,0.000000000000,0.000000000000,0.000064532601,0.999999997918,-0.003564600957,0.000000000000,0.000000000000,0.000033785826,0.000000000000,0.000000000000
21.780000000000,-0.023089751838,-0.000002674877,0.000000000000,0.000000000000,0.000000000000,0.000064727507,0.999999997905,0.001418951339,0.000000000000,0.000000000000,0.000005195484,0.000000000000,0.000000000000
21.801000000000,-0.023102014864,-0.000002676470,0.000000000000,0.000000000000,0.000000000000,0.000064827096,0.999999997899,-0.002586858620,0.000000000000,0.000000000000,0.000013773774,0.000000000000,0.000000000000
21.821000000000,-0.023110150774,-0.000002677520,0.000000000000,0.000000000000,0.000000000000,0.000064950904,0.999999997891,0.001773267670,0.000000000000,0.000000000000,0.000010987960,0.000000000000,0.000000000000
21.840000000000,-0.023128484688,-0.000002679901,0.000000000000,0.000000000000,0.000000000000,0.000064941844,0.999999997891,-0.003703153396,0.000000000000,0.000000000000,-0.000012895415,0.000000000000,0.000000000000
21.860000000000,-0.023143058346,-0.000002681795,0.000000000000,0.000000000000,0.000000000000,0.000064925458,0.999999997892,0.002245787575,0.000000000000,0.000000000000,0.000009618295,0.000000000000,0.000000000000
21.880000000000,-0.023096514188,-0.000002675758,0.000000000000,0.000000000000,0.000000000000,0.000064772483,0.999999997902,0.002408628267,0.000000000000,0.000000000000,-0.000040213422,0.000000000000,0.000000000000
21.900000000000,-0.023108073915,-0.000002677253,0.000000000000,0.000000000000,0.000000000000,0.000064740345,0.999999997904,-0.003564600957,0.000000000000,0.000000000000,0.000033785826,0.000000000000,0.000000000000
21.920000000000,-0.023129530400,-0.000002680026,0.000000000000,0.000000000000,0.000000000000,0.000064935253,0.999999997892,0.001418952393,0.000000000000,0.000000000000,0.000005195709,0.000000000000,0.000000000000
21.940000000000,-0.023141209451,-0.000002681548,0.000000000000,0.000000000000,0.000000000000,0.000065030100,0.999999997886,-0.002586857430,0.000000000000,0.000000000000,0.000013773819,0.000000000000,0.000000000000
21.960000000000,-0.023149345347,-0.000002682602,0.000000000000,0.000000000000,0.000000000000,0.000065153909,0.999999997877,0.001773267806,0.000000000000,0.000000000000,0.000010987960,0.000000000000,0.000000000000
21.980000000000,-0.023168644194,-0.000002685116,0.000000000000,0.000000000000,0.000000000000,0.000065144372,0.999999997878,-0.003703152580,0.000000000000,0.000000000000,-0.000012895415,0.000000000000,0.000000000000
22.000000000000,-0.023183217834,-0.000002687015,0.000000000000,0.000000000000,0.000000000000,0.000065127987,0.999999997879,0.002245788544,0.000000000000,0.000000000000,0.000009618363,0.000000000000,0.000000000000
22.020000000000,-0.023136673671,-0.000002680960,0.000000000000,0.000000000000,0.000000000000,0.000064975011,0.999999997889,0.002408627893,0.000000000000,0.000000000000,-0.000040213467,0.000000000000,0.000000000000
22.040000000000,-0.023148233402,-0.000002682460,0.000000000000,0.000000000000,0.000000000000,0.000064942873,0.999999997891,-0.003564601059,0.000000000000,0.000000000000,0.000033785781,0.000000000000,0.000000000000
22.060000000000,-0.023169689878,-0.000002685241,0.000000000000,0.000000000000,0.000000000000,0.000065137781,0.999999997879,0.001418953447,0.000000000000,0.000000000000,0.000005195935,0.000000000000,0.000000000000
22.080000000000,-0.023181368907,-0.000002686768,0.000000000000,0.000000000000,0.000000000000,0.000065232630,0.999999997872,-0.002586856342,0.000000000000,0.000000000000,0.000013773819,0.000000000000,0.000000000000
22.100000000000,-0.023189504791,-0.000002687825,0.000000000000,0.000000000000,0.000000000000,0.000065356439,0.999999997864,0.001773267942,0.000000000000,0.000000000000,0.000010987960,0.000000000000,0.000000000000
22.120000000000,-0.023208803630,-0.000002690347,0.000000000000,0.000000000000,0.000000000000,0.000065346901,0.999999997865,-0.003703151866,0.000000000000,0.000000000000,-0.000012895460,0.000000000000,0.000000000000
22.140000000000,-0.023223377254,-0.000002692252,0.000000000000,0.000000000000,0.000000000000,0.000065330516,0.999999997866,0.002245789462,0.000000000000,0.000000000000,0.000009618408,0.000000000000,0.000000000000
22.160000000000,-0.023176833083,-0.000002686178,0.000000000000,0.000000000000,0.000000000000,0.000065177541,0.999999997876,0.002408627621,0.000000000000,0.000000000000,-0.000040213467,0.000000000000,0.000000000000
22.180000000000,-0.023188392818,-0.000002687682,0.000000000000,0.000000000000,0.000000000000,0.000065145402,0.999999997878,-0.003564601059,0.000000000000,0.000000000000,0.000033785781,0.000000000000,0.000000000000
22.200000000000,-0.023209849283,-0.000002690472,0.000000000000,0.000000000000,0.000000000000,0.000065340312,0.999999997865,0.001418954501,0.000000000000,0.000000000000,0.000005196161,0.000000000000,0.000000000000
22.220000000000,-0.023221528290,-0.000002692004,0.000000000000,0.000000000000,0.000000000000,0.000065435162,0.999999997859,-0.002586855186,0.000000000000,0.000000000000,0.000013773729,0.000000000000,0.000000000000
22.240000000000,-0.023229664161,-0.000002693064,0.000000000000,0.000000000000,0.000000000000,0.000065558970,0.999999997851,0.001773268078,0.000000000000,0.000000000000,0.000010987960,0.000000000000,0.000000000000
22.260000000000,-0.023248962991,-0.000002695594,0.000000000000,0.000000000000,0.000000000000,0.000065549432,0.999999997852,-0.003703151152,0.000000000000,0.000000000000,-0.000012895505,0.000000000000,0.000000000000
22.280000000000,-0.023263536599,-0.000002697505,0.000000000000,0.000000000000,0.000000000000,0.000065533047,0.999999997853,0.002245790396,0.000000000000,0.000000000000,0.000009618520,0.000000000000,0.000000000000
22.300000000000,-0.023216992422,-0.000002691412,0.000000000000,0.000000000000,0.000000000000,0.000065380073,0.999999997863,0.002408627349,0.000000000000,0.000000000000,-0.000040213467,0.000000000000,0.000000000000
22.320000000000,-0.023228552160,-0.000002692921,0.000000000000,0.000000000000,0.000000000000,0.000065347934,0.999999997865,-0.003564601161,0.000000000000,0.000000000000,0.000033785736,0.000000000000,0.000000000000
22.340000000000,-0.023250008615,-0.000002695720,0.000000000000,0.000000000000,0.000000000000,0.000065542844,0.999999997852,0.001418955589,0.000000000000,0.000000000000,0.000005196341,0.000000000000,0.000000000000
22.356000000000,-0.023259351803,-0.000002696948,0.000000000000,0.000000000000,0.000000000000,0.000065618725,0.999999997847,-0.002586854099,0.000000000000,0.000000000000,0.000013773729,0.000000000000,0.000000000000
22.381000000000,-0.023269521627,-0.000002698276,0.000000000000,0.000000000000,0.000000000000,0.000065773485,0.999999997837,0.001773268180,0.000000000000,0.000000000000,0.000010988005,0.000000000000,0.000000000000
22.400000000000,-0.023287855508,-0.000002700687,0.000000000000,0.000000000000,0.000000000000,0.000065764425,0.999999997838,-0.003703150336,0.000000000000,0.000000000000,-0.000012895505,0.000000000000,0.000000000000
22.420000000000,-0.023302429097,-0.000002702604,0.000000000000,0.000000000000,0.000000000000,0.000065748040,0.999999997839,0.002245791365,0.000000000000,0.000000000000,0.000009618588,0.000000000000,0.000000000000
22.440000000000,-0.023255884913,-0.000002696491,0.000000000000,0.000000000000,0.000000000000,0.000065595066,0.999999997849,0.002408627077,0.000000000000,0.000000000000,-0.000040213467,0.000000000000,0.000000000000
22.460000000000,-0.023267444655,-0.000002698006,0.000000000000,0.000000000000,0.000000000000,0.000065562927,0.999999997851,-0.003564601263,0.000000000000,0.000000000000,0.000033785691,0.000000000000,0.000000000000
22.480000000000,-0.023288901101,-0.000002700814,0.000000000000,0.000000000000,0.000000000000,0.000065757838,0.999999997838,0.001418956643,0.000000000000,0.000000000000,0.000005196567,0.000000000000,0.000000000000
22.500000000000,-0.023300580065,-0.000002702354,0.000000000000,0.000000000000,0.000000000000,0.000065852689,0.999999997832,-0.002586853113,0.000000000000,0.000000000000,0.000013773684,0.000000000000,0.000000000000
22.520000000000,-0.023308715913,-0.000002703422,0.000000000000,0.000000000000,0.000000000000,0.000065976498,0.999999997824,0.001773268316,0.000000000000,0.000000000000,0.000010988005,0.000000000000,0.000000000000
22.540000000000,-0.023328014725,-0.000002705967,0.000000000000,0.000000000000,0.000000000000,0.000065966960,0.999999997824,-0.003703149521,0.000000000000,0.000000000000,-0.000012895505,0.000000000000,0.000000000000
22.560000000000,-0.023342588297,-0.000002707891,0.000000000000,0.000000000000,0.000000000000,0.000065950576,0.999999997825,0.002245792283,0.000000000000,0.000000000000,0.000009618633,0.000000000000,0.000000000000
22.580000000000,-0.023296044107,-0.000002701759,0.000000000000,0.000000000000,0.000000000000,0.000065797602,0.999999997835,0.002408626805,0.000000000000,0.000000000000,-0.000040213467,0.000000000000,0.000000000000
22.600000000000,-0.023307603851,-0.000002703278,0.000000000000,0.000000000000,0.000000000000,0.000065765463,0.999999997837,-0.003564601195,0.000000000000,0.000000000000,0.000033785601,0.000000000000,0.000000000000
22.620000000000,-0.023329060286,-0.000002706095,0.000000000000,0.000000000000,0.000000000000,0.000065960375,0.999999997825,0.001418957696,0.000000000000,0.000000000000,0.000005196792,0.000000000000,0.000000000000
22.640000000000,-0.023340739228,-0.000002707640,0.000000000000,0.000000000000,0.000000000000,0.000066055227,0.999999997818,-0.002586851923,0.000000000000,0.000000000000,0.000013773729,0.000000000000,0.000000000000
22.661000000000,-0.023349281855,-0.000002708764,0.000000000000,0.000000000000,0.000000000000,0.000066185226,0.999999997810,0.001773268401,0.000000000000,0.000000000000,0.000010987983,0.000000000000,0.000000000000
22.680000000000,-0.023367615718,-0.000002711190,0.000000000000,0.000000000000,0.000000000000,0.000066176165,0.999999997810,-0.003703148807,0.000000000000,0.000000000000,-0.000012895550,0.000000000000,0.000000000000
22.700000000000,-0.023382189274,-0.000002713120,0.000000000000,0.000000000000,0.000000000000,0.000066159781,0.999999997811,0.002245793218,0.000000000000,0.000000000000,0.000009618746,0.000000000000,0.000000000000
22.720000000000,-0.023335645077,-0.000002706968,0.000000000000,0.000000000000,0.000000000000,0.000066006808,0.999999997822,0.002408626533,0.000000000000,0.000000000000,-0.000040213467,0.000000000000,0.000000000000
22.740000000000,-0.023347204825,-0.000002708492,0.000000000000,0.000000000000,0.000000000000,0.000065974668,0.999999997824,-0.003564601297,0.000000000000,0.000000000000,0.000033785556,0.000000000000,0.000000000000
22.760000000000,-0.023368661250,-0.000002711318,0.000000000000,0.000000000000,0.000000000000,0.000066169581,0.999999997811,0.001418958750,0.000000000000,0.000000000000,0.000005197018,0.000000000000,0.000000000000
22.780000000000,-0.023380340171,-0.000002712868,0.000000000000,0.000000000000,0.000000000000,0.000066264434,0.999999997805,-0.002586850869,0.000000000000,0.000000000000,0.000013773594,0.000000000000,0.000000000000
22.801000000000,-0.023388882785,-0.000002713996,0.000000000000,0.000000000000,0.000000000000,0.000066394432,0.999999997796,0.001773268588,0.000000000000,0.000000000000,0.000010988005,0.000000000000,0.000000000000
22.820000000000,-0.023407216640,-0.000002716429,0.000000000000,0.000000000000,0.000000000000,0.000066385371,0.999999997796,-0.003703148093,0.000000000000,0.000000000000,-0.000012895595,0.000000000000,0.000000000000
22.840000000000,-0.023421790179,-0.000002718365,0.000000000000,0.000000000000,0.000000000000,0.000066368987,0.999999997798,0.002245794136,0.000000000000,0.000000000000,0.000009618791,0.000000000000,0.000000000000
22.860000000000,-0.023375245976,-0.000002712194,0.000000000000,0.000000000000,0.000000000000,0.000066216014,0.999999997808,0.002408626261,0.000000000000,0.000000000000,-0.000040213467,0.000000000000,0.000000000000
22.880000000000,-0.023386805727,-0.000002713723,0.000000000000,0.000000000000,0.000000000000,0.000066183874,0.999999997810,-0.003564601399,0.000000000000,0.000000000000,0.000033785510,0.000000000000,0.000000000000
22.900000000000,-0.023408262143,-0.000002716558,0.000000000000,0.000000000000,0.000000000000,0.000066378788,0.999999997797,0.001418959804,0.000000000000,0.000000000000,0.000005197243,0.000000000000,0.000000000000
22.920000000000,-0.023419941041,-0.000002718113,0.000000000000,0.000000000000,0.000000000000,0.000066473642,0.999999997791,-0.002586849679,0.000000000000,0.000000000000,0.000013773639,0.000000000000,0.000000000000
22.940000000000,-0.023428076851,-0.000002719190,0.000000000000,0.000000000000,0.000000000000,0.000066597451,0.999999997782,0.001773268724,0.000000000000,0.000000000000,0.000010988005,0.000000000000,0.000000000000
22.960000000000,-0.023447375638,-0.000002721760,0.000000000000,0.000000000000,0.000000000000,0.000066587913,0.999999997783,-0.003703147447,0.000000000000,0.000000000000,-0.000012895550,0.000000000000,0.000000000000
22.980000000000,-0.023461949161,-0.000002723701,0.000000000000,0.000000000000,0.000000000000,0.000066571529,0.999999997784,0.002245795105,0.000000000000,0.000000000000,0.000009618859,0.000000000000,0.000000000000
23.000000000000,-0.023415404952,-0.000002717512,0.000000000000,0.000000000000,0.000000000000,0.000066418556,0.999999997794,0.002408625888,0.000000000000,0.000000000000,-0.000040213512,0.000000000000,0.000000000000
23.020000000000,-0.023426964707,-0.000002719045,0.000000000000,0.000000000000,0.000000000000,0.000066386416,0.999999997796,-0.003564601399,0.000000000000,0.000000000000,0.000033785510,0.000000000000,0.000000000000
23.041000000000,-0.023449493932,-0.000002722030,0.000000000000,0.000000000000,0.000000000000,0.000066591077,0.999999997783,0.001418960858,0.000000000000,0.000000000000,0.000005197469,0.000000000000,0.000000000000
23.060000000000,-0.023460588866,-0.000002723512,0.000000000000,0.000000000000,0.000000000000,0.000066681189,0.999999997777,-0.002586848592,0.000000000000,0.000000000000,0.000013773639,0.000000000000,0.000000000000
23.080000000000,-0.023468724663,-0.000002724593,0.000000000000,0.000000000000,0.000000000000,0.000066804998,0.999999997769,0.001773268826,0.000000000000,0.000000000000,0.000010988051,0.000000000000,0.000000000000
23.100000000000,-0.023488023440,-0.000002727171,0.000000000000,0.000000000000,0.000000000000,0.000066795461,0.999999997769,-0.003703146529,0.000000000000,0.000000000000,-0.000012895505,0.000000000000,0.000000000000
23.120000000000,-0.023502596945,-0.000002729118,0.000000000000,0.000000000000,0.000000000000,0.000066779078,0.999999997770,0.002245796040,0.000000000000,0.000000000000,0.000009618972,0.000000000000,0.000000000000
23.140000000000,-0.023456052728,-0.000002722909,0.000000000000,0.000000000000,0.000000000000,0.000066626105,0.999999997780,0.002408625718,0.000000000000,0.000000000000,-0.000040213467,0.000000000000,0.000000000000
23.160000000000,-0.023467612485,-0.000002724447,0.000000000000,0.000000000000,0.000000000000,0.000066593965,0.999999997783,-0.003564601501,0.000000000000,0.000000000000,0.000033785465,0.000000000000,0.000000000000
23.180000000000,-0.023489068881,-0.000002727300,0.000000000000,0.000000000000,0.000000000000,0.000066788881,0.999999997770,0.001418961912,0.000000000000,0.000000000000,0.000005197694,0.000000000000,0.000000000000
23.200000000000,-0.023500747738,-0.000002728865,0.000000000000,0.000000000000,0.000000000000,0.000066883738,0.999999997763,-0.002586847606,0.000000000000,0.000000000000,0.000013773594,0.000000000000,0.000000000000
23.220000000000,-0.023508883524,-0.000002729949,0.000000000000,0.000000000000,0.000000000000,0.000067007546,0.999999997755,0.001773268962,0.000000000000,0.000000000000,0.000010988051,0.000000000000,0.000000000000
23.240000000000,-0.023528182293,-0.000002732534,0.000000000000,0.000000000000,0.000000000000,0.000066998008,0.999999997756,-0.003703145815,0.000000000000,0.000000000000,-0.000012895550,0.000000000000,0.000000000000
23.260000000000,-0.023542755782,-0.000002734488,0.000000000000,0.000000000000,0.000000000000,0.000066981626,0.999999997757,0.002245796855,0.000000000000,0.000000000000,0.000009618972,0.000000000000,0.000000000000
23.280000000000,-0.023496211560,-0.000002728260,0.000000000000,0.000000000000,0.000000000000,0.000066828653,0.999999997767,0.002408625446,0.000000000000,0.000000000000,-0.000040213467,0.000000000000,0.000000000000
23.300000000000,-0.023507771320,-0.000002729803,0.000000000000,0.000000000000,0.000000000000,0.000066796513,0.999999997769,-0.003564601501,0.000000000000,0.000000000000,0.000033785465,0.000000000000,0.000000000000
23.321000000000,-0.023530300524,-0.000002732806,0.000000000000,0.000000000000,0.000000000000,0.000067001176,0.999999997755,0.001418962966,0.000000000000,0.000000000000,0.000005197920,0.000000000000,0.000000000000
23.340000000000,-0.023541395417,-0.000002734297,0.000000000000,0.000000000000,0.000000000000,0.000067091291,0.999999997749,-0.002586846416,0.000000000000,0.000000000000,0.000013773639,0.000000000000,0.000000000000
23.360000000000,-0.023549531191,-0.000002735385,0.000000000000,0.000000000000,0.000000000000,0.000067215099,0.999999997741,0.001773269047,0.000000000000,0.000000000000,0.000010988028,0.000000000000,0.000000000000
23.381000000000,-0.023569794889,-0.000002738108,0.000000000000,0.000000000000,0.000000000000,0.000067205084,0.999999997742,-0.003703145101,0.000000000000,0.000000000000,-0.000012895595,0.000000000000,0.000000000000
23.400000000000,-0.023583639688,-0.000002739970,0.000000000000,0.000000000000,0.000000000000,0.000067189521,0.999999997743,0.002245797824,0.000000000000,0.000000000000,0.000009619039,0.000000000000,0.000000000000
23.420000000000,-0.023537095459,-0.000002733722,0.000000000000,0.000000000000,0.000000000000,0.000067036549,0.999999997753,0.002408625174,0.000000000000,0.000000000000,-0.000040213467,0.000000000000,0.000000000000
23.440000000000,-0.023548655223,-0.000002735270,0.000000000000,0.000000000000,0.000000000000,0.000067004408,0.999999997755,-0.003564601603,0.000000000000,0.000000000000,0.000033785420,0.000000000000,0.000000000000
23.453000000000,-0.023562601867,-0.000002737137,0.000000000000,0.000000000000,0.000000000000,0.000067131105,0.999999997747,0.001418964020,0.000000000000,0.000000000000,0.000005198145,0.000000000000,0.000000000000
23.480000000000,-0.023578368265,-0.000002739262,0.000000000000,0.000000000000,0.000000000000,0.000067259164,0.999999997738,-0.002586845362,0.000000000000,0.000000000000,0.000013773504,0.000000000000,0.000000000000
23.500000000000,-0.023586504026,-0.000002740352,0.000000000000,0.000000000000,0.000000000000,0.000067382971,0.999999997730,0.001773269234,0.000000000000,0.000000000000,0.000010988051,0.000000000000,0.000000000000
